-5.126082897186279297e-01	5.011322498321533203e-01	-1.039432659745216370e-01
-6.414440870285034180e-01	5.376231074333190918e-01	-7.758978754281997681e-02
-5.837154388427734375e-01	4.585202634334564209e-01	-9.439945220947265625e-02
-4.825943410396575928e-01	3.665387332439422607e-01	-1.188119947910308838e-01
-6.793844699859619141e-01	4.975739121437072754e-01	-1.033953279256820679e-01
-6.676993370056152344e-01	4.955436587333679199e-01	-1.060966998338699341e-01
-6.621662378311157227e-01	4.809085428714752197e-01	-1.000081822276115417e-01
-6.596229672431945801e-01	4.706991612911224365e-01	-7.605662196874618530e-02
-5.716329813003540039e-01	3.814432621002197266e-01	-1.002011671662330627e-01
-6.296325922012329102e-01	4.068914055824279785e-01	-1.061774715781211853e-01
-6.443619728088378906e-01	4.037850499153137207e-01	-1.524689793586730957e-01
-6.229367852210998535e-01	3.788538277149200439e-01	-1.688198000192642212e-01
-6.302199959754943848e-01	3.885465860366821289e-01	-1.852157413959503174e-01
-6.306699514389038086e-01	3.859152793884277344e-01	-1.837826818227767944e-01
-6.346356868743896484e-01	3.653528690338134766e-01	-1.973595321178436279e-01
-6.303967237472534180e-01	3.313478529453277588e-01	-2.051912695169448853e-01
-6.113945841789245605e-01	2.964595556259155273e-01	-2.148232609033584595e-01
-6.107462048530578613e-01	2.952454984188079834e-01	-2.093998342752456665e-01
-6.407084465026855469e-01	3.114755451679229736e-01	-2.221523821353912354e-01
-6.284828186035156250e-01	3.147951066493988037e-01	-2.137276828289031982e-01
-6.867040991783142090e-01	4.083543121814727783e-01	-1.886291652917861938e-01
-6.598355174064636230e-01	3.886889517307281494e-01	-1.979460865259170532e-01
-5.931125879287719727e-01	3.258885443210601807e-01	-1.918983459472656250e-01
-6.079020500183105469e-01	3.097609281539916992e-01	-1.932100355625152588e-01
-5.785577297210693359e-01	2.544314861297607422e-01	-2.151852101087570190e-01
-5.970308184623718262e-01	2.442796379327774048e-01	-2.330531030893325806e-01
-6.387997865676879883e-01	2.655083239078521729e-01	-2.111971080303192139e-01
-6.306222677230834961e-01	2.555034160614013672e-01	-1.769432425498962402e-01
-6.141886115074157715e-01	2.540580332279205322e-01	-1.372650563716888428e-01
-6.165736913681030273e-01	2.432168722152709961e-01	-1.220979839563369751e-01
-5.202055573463439941e-01	2.030165344476699829e-01	-1.049583554267883301e-01
-5.587731003761291504e-01	1.981043666601181030e-01	-1.196254417300224304e-01
-6.258966922760009766e-01	2.092266678810119629e-01	-1.164915785193443298e-01
-6.561985015869140625e-01	2.310881316661834717e-01	-1.082967668771743774e-01
-6.017736196517944336e-01	1.950737982988357544e-01	-1.098377853631973267e-01
-6.014179587364196777e-01	1.501485407352447510e-01	-1.193412467837333679e-01
-5.431957840919494629e-01	1.473451256752014160e-01	-1.291836351156234741e-01
-5.973650217056274414e-01	1.582367420196533203e-01	-9.298634529113769531e-02
-6.089590191841125488e-01	1.554291993379592896e-01	-6.891588121652603149e-02
-6.289793848991394043e-01	1.742932200431823730e-01	-3.236211836338043213e-02
-6.010544300079345703e-01	1.777881532907485962e-01	-1.247048843652009964e-02
-6.133664846420288086e-01	2.199620604515075684e-01	5.091762170195579529e-02
-5.967233180999755859e-01	2.153481245040893555e-01	8.142583072185516357e-02
-5.159492492675781250e-01	1.821824163198471069e-01	5.023325607180595398e-02
-4.409602284431457520e-01	1.485120654106140137e-01	2.435998991131782532e-02
-3.506019413471221924e-01	1.163683608174324036e-01	-5.565811321139335632e-02
-5.858983993530273438e-01	1.277113556861877441e-01	1.308722048997879028e-01
-5.785151720046997070e-01	1.267200857400894165e-01	1.764964461326599121e-01
-5.873928070068359375e-01	1.235865801572799683e-01	2.359433025121688843e-01
-5.462642908096313477e-01	1.128034219145774841e-01	1.908490359783172607e-01
-5.572056770324707031e-01	1.032512262463569641e-01	1.892227232456207275e-01
-6.003899574279785156e-01	1.291052997112274170e-01	2.160066515207290649e-01
-5.772625207901000977e-01	1.369209140539169312e-01	2.112383246421813965e-01
-4.799946546554565430e-01	1.143963187932968140e-01	1.376508623361587524e-01
-4.327886104583740234e-01	1.012606322765350342e-01	6.359633803367614746e-02
-4.620135128498077393e-01	1.176614388823509216e-01	7.929605990648269653e-02
-4.957322478294372559e-01	1.089784130454063416e-01	1.255332529544830322e-01
-5.373694896697998047e-01	1.067770048975944519e-01	1.718354970216751099e-01
-5.311387777328491211e-01	1.066504344344139099e-01	1.939972639083862305e-01
-5.566439628601074219e-01	9.535174816846847534e-02	2.306433022022247314e-01
-5.595033764839172363e-01	9.464070945978164673e-02	2.475703507661819458e-01
-6.127827167510986328e-01	8.060052990913391113e-02	3.220076262950897217e-01
-5.706931948661804199e-01	7.388059049844741821e-02	2.994886338710784912e-01
-5.952273011207580566e-01	7.279828190803527832e-02	3.226036131381988525e-01
-5.964597463607788086e-01	4.969381541013717651e-02	3.335882425308227539e-01
-6.029669642448425293e-01	5.313553661108016968e-02	3.602580726146697998e-01
-5.947499275207519531e-01	7.075779139995574951e-02	3.587522208690643311e-01
-6.110526323318481445e-01	8.731029182672500610e-02	3.658635914325714111e-01
-5.715525746345520020e-01	8.079458773136138916e-02	3.517047464847564697e-01
-6.156830787658691406e-01	8.344555646181106567e-02	3.821586668491363525e-01
-6.134181022644042969e-01	8.592620491981506348e-02	3.844378292560577393e-01
-5.683295130729675293e-01	8.483422547578811646e-02	3.407371342182159424e-01
-5.602935552597045898e-01	5.972199514508247375e-02	3.325096368789672852e-01
-5.811805725097656250e-01	4.779474064707756042e-02	3.611347377300262451e-01
-5.949979424476623535e-01	5.111861228942871094e-02	3.687866330146789551e-01
-5.720109939575195312e-01	5.299408733844757080e-02	3.625729084014892578e-01
-4.697919785976409912e-01	6.116966158151626587e-02	2.648960351943969727e-01
-5.284305214881896973e-01	4.019370302557945251e-02	3.105867207050323486e-01
-5.091062784194946289e-01	3.631507232785224915e-02	2.646051049232482910e-01
-6.026617288589477539e-01	1.289597991853952408e-02	3.474390804767608643e-01
-5.959535837173461914e-01	1.777650788426399231e-02	3.505304753780364990e-01
-6.573575735092163086e-01	-1.859597302973270416e-02	4.297715425491333008e-01
-5.996361374855041504e-01	1.559997443109750748e-02	3.735551536083221436e-01
-6.199143528938293457e-01	3.155592596158385277e-03	3.981629908084869385e-01
-6.434145569801330566e-01	-2.191360108554363251e-02	4.238784909248352051e-01
-6.539692282676696777e-01	-4.940298944711685181e-02	4.331504106521606445e-01
-6.071715354919433594e-01	-4.078421369194984436e-02	3.864222168922424316e-01
-6.624903678894042969e-01	-1.116748601198196411e-01	4.429622888565063477e-01
-6.164925098419189453e-01	-1.007977053523063660e-01	4.079712629318237305e-01
-6.293624043464660645e-01	-1.369116455316543579e-01	4.139458835124969482e-01
-6.448993682861328125e-01	-1.655970513820648193e-01	4.250972867012023926e-01
-6.529044508934020996e-01	-2.069884240627288818e-01	4.409861862659454346e-01
-6.561345458030700684e-01	-2.014808654785156250e-01	4.458294212818145752e-01
-6.460389494895935059e-01	-1.875700652599334717e-01	4.284655451774597168e-01
-6.228179931640625000e-01	-1.461468338966369629e-01	4.107653796672821045e-01
-5.752632021903991699e-01	-1.018557921051979065e-01	3.669756650924682617e-01
-6.243203282356262207e-01	-1.611858904361724854e-01	4.096637666225433350e-01
-5.626979470252990723e-01	-1.127945631742477417e-01	3.368984758853912354e-01
-6.378431916236877441e-01	-2.010547071695327759e-01	4.068922400474548340e-01
-6.416169404983520508e-01	-2.314110100269317627e-01	4.263706505298614502e-01
-6.264311671257019043e-01	-2.322479337453842163e-01	4.102436900138854980e-01
-6.340721845626831055e-01	-2.565475702285766602e-01	4.196843504905700684e-01
-6.076499819755554199e-01	-2.096297293901443481e-01	3.886423408985137939e-01
-6.462852954864501953e-01	-2.494413554668426514e-01	4.321825802326202393e-01
-6.058529615402221680e-01	-2.048093825578689575e-01	4.028838276863098145e-01
-5.433874130249023438e-01	-1.473350226879119873e-01	3.478739261627197266e-01
-6.237532496452331543e-01	-2.434668093919754028e-01	4.230298399925231934e-01
-6.341218352317810059e-01	-2.614262104034423828e-01	4.289936125278472900e-01
-6.050977706909179688e-01	-2.532828152179718018e-01	4.078478813171386719e-01
-5.928252339363098145e-01	-2.515111863613128662e-01	3.942267894744873047e-01
-5.800417661666870117e-01	-2.797920107841491699e-01	3.888840377330780029e-01
-5.852351784706115723e-01	-2.707140445709228516e-01	3.972368240356445312e-01
-5.205184817314147949e-01	-2.228577435016632080e-01	3.613694608211517334e-01
-4.596624076366424561e-01	-1.144057363271713257e-01	2.771850228309631348e-01
-4.757777750492095947e-01	-1.572686582803726196e-01	2.802641987800598145e-01
-4.794946610927581787e-01	-1.644890755414962769e-01	2.699131071567535400e-01
-4.148097634315490723e-01	-9.629881381988525391e-02	2.019992321729660034e-01
-5.488811731338500977e-01	-2.798864245414733887e-01	3.320477902889251709e-01
-5.528933405876159668e-01	-3.113125860691070557e-01	3.368788361549377441e-01
-5.329821705818176270e-01	-2.896067500114440918e-01	3.256128728389739990e-01
-5.150497555732727051e-01	-2.809270918369293213e-01	3.265858292579650879e-01
-4.802177846431732178e-01	-2.386756539344787598e-01	2.801012694835662842e-01
-5.678154826164245605e-01	-3.354367315769195557e-01	3.548454642295837402e-01
-5.301353335380554199e-01	-2.811889350414276123e-01	3.295086026191711426e-01
-5.767606496810913086e-01	-3.271166980266571045e-01	3.683930039405822754e-01
-5.411881804466247559e-01	-2.946930229663848877e-01	3.523439168930053711e-01
-5.301645398139953613e-01	-2.954717874526977539e-01	3.407715559005737305e-01
-5.105018019676208496e-01	-3.005828261375427246e-01	3.261613249778747559e-01
-5.569737553596496582e-01	-3.748218119144439697e-01	3.622336685657501221e-01
-5.564723610877990723e-01	-3.881775438785552979e-01	3.706340491771697998e-01
-5.413370728492736816e-01	-3.898177444934844971e-01	3.655799925327301025e-01
-5.326459407806396484e-01	-3.713497817516326904e-01	3.692314326763153076e-01
-5.675580501556396484e-01	-4.354652464389801025e-01	4.056221544742584229e-01
-5.815123915672302246e-01	-4.333819150924682617e-01	4.111887812614440918e-01
-5.652170181274414062e-01	-4.303261041641235352e-01	4.110237061977386475e-01
-4.365695416927337646e-01	-3.140450417995452881e-01	3.323592543601989746e-01
-5.400524139404296875e-01	-4.295156598091125488e-01	4.206281900405883789e-01
-4.502652287483215332e-01	-3.371200561523437500e-01	3.555738627910614014e-01
-5.042523741722106934e-01	-4.127372801303863525e-01	4.099988043308258057e-01
-4.526423513889312744e-01	-3.567040264606475830e-01	3.802893161773681641e-01
-4.813421964645385742e-01	-3.753510415554046631e-01	4.038872420787811279e-01
-5.014206171035766602e-01	-3.984097540378570557e-01	4.144416451454162598e-01
-5.086835026741027832e-01	-4.387156367301940918e-01	4.324507713317871094e-01
-5.124328136444091797e-01	-4.226496219635009766e-01	4.394195973873138428e-01
-4.212021827697753906e-01	-3.254886269569396973e-01	3.792944550514221191e-01
-3.426531255245208740e-01	-2.737539708614349365e-01	3.470227122306823730e-01
-1.973107606172561646e-01	-1.855732649564743042e-01	2.725064456462860107e-01
-1.230337992310523987e-01	-1.867072582244873047e-01	2.578977644443511963e-01
-2.496159821748733521e-01	-3.485763669013977051e-01	3.542966544628143311e-01
-3.051438927650451660e-01	-4.109841287136077881e-01	3.883875310420989990e-01
-2.624668776988983154e-01	-3.782958984375000000e-01	3.462442457675933838e-01
-3.624712228775024414e-01	-4.669418931007385254e-01	4.024319946765899658e-01
-4.046468436717987061e-01	-4.906070828437805176e-01	4.223848581314086914e-01
-3.520385622978210449e-01	-4.532194137573242188e-01	3.863846659660339355e-01
-3.187807202339172363e-01	-4.508824348449707031e-01	3.821647763252258301e-01
-2.516011893749237061e-01	-4.300103485584259033e-01	3.560473024845123291e-01
-2.475197762250900269e-01	-4.678823053836822510e-01	3.923460543155670166e-01
-2.978912889957427979e-01	-4.973630607128143311e-01	4.284420311450958252e-01
-3.395474553108215332e-01	-5.150230526924133301e-01	4.447559118270874023e-01
-3.234439194202423096e-01	-4.909323155879974365e-01	4.262789785861968994e-01
-3.925565481185913086e-01	-5.332502722740173340e-01	4.587639272212982178e-01
-3.691158890724182129e-01	-5.130435228347778320e-01	4.409264624118804932e-01
-3.475922942161560059e-01	-4.991025030612945557e-01	4.255983233451843262e-01
-3.718688488006591797e-01	-5.221373438835144043e-01	4.471630156040191650e-01
-3.742454648017883301e-01	-5.105656981468200684e-01	4.440993666648864746e-01
-3.659547567367553711e-01	-5.073798894882202148e-01	4.387767910957336426e-01
-3.088870048522949219e-01	-4.711104035377502441e-01	4.064249396324157715e-01
-2.985994219779968262e-01	-5.071915388107299805e-01	4.439014494419097900e-01
-2.535004019737243652e-01	-5.064290761947631836e-01	4.366721808910369873e-01
-1.562880724668502808e-01	-4.554637670516967773e-01	4.037261009216308594e-01
-1.632534712553024292e-01	-4.951395690441131592e-01	4.446327090263366699e-01
-2.428738623857498169e-01	-5.281928181648254395e-01	4.665188789367675781e-01
-2.603245973587036133e-01	-5.108833312988281250e-01	4.585868120193481445e-01
-2.919369339942932129e-01	-5.290307998657226562e-01	4.707155227661132812e-01
-2.084294408559799194e-01	-4.773102402687072754e-01	4.274941980838775635e-01
-2.328029423952102661e-01	-5.228934288024902344e-01	4.613629281520843506e-01
-2.117028683423995972e-01	-5.043919086456298828e-01	4.503875374794006348e-01
-1.808706820011138916e-01	-4.897308647632598877e-01	4.414634704589843750e-01
-1.670691370964050293e-01	-5.114458203315734863e-01	4.527684748172760010e-01
-1.833483725786209106e-01	-5.271770954132080078e-01	4.660327434539794922e-01
-1.788097470998764038e-01	-5.263283252716064453e-01	4.664762914180755615e-01
-1.514494866132736206e-01	-5.148380994796752930e-01	4.562627971172332764e-01
-1.172479912638664246e-01	-5.212689638137817383e-01	4.516899585723876953e-01
-1.083476617932319641e-01	-5.328700542449951172e-01	4.616395235061645508e-01
-5.132716894149780273e-02	-5.179479718208312988e-01	4.442124068737030029e-01
-6.105029955506324768e-02	-5.419808030128479004e-01	4.627975821495056152e-01
-8.904075622558593750e-02	-5.570296645164489746e-01	4.761505424976348877e-01
-7.837337255477905273e-02	-5.362906455993652344e-01	4.632230103015899658e-01
-1.283024698495864868e-01	-5.577783584594726562e-01	4.745504260063171387e-01
-1.069284975528717041e-02	-4.329965412616729736e-01	3.849802911281585693e-01
-8.291035890579223633e-02	-5.453606247901916504e-01	4.631203413009643555e-01
-1.212221533060073853e-01	-5.535733103752136230e-01	4.713071584701538086e-01
-3.418269380927085876e-02	-5.086795091629028320e-01	4.337664842605590820e-01
-3.524466231465339661e-02	-5.277742147445678711e-01	4.415082931518554688e-01
-1.240010838955640793e-02	-5.191037654876708984e-01	4.330224096775054932e-01
9.029838256537914276e-03	-5.157525539398193359e-01	4.326293170452117920e-01
-9.699229151010513306e-03	-5.616534948348999023e-01	4.681164324283599854e-01
6.326061487197875977e-02	-4.967972338199615479e-01	4.216274023056030273e-01
3.935550525784492493e-02	-5.399199724197387695e-01	4.505396485328674316e-01
7.146564126014709473e-02	-4.992267787456512451e-01	4.176574051380157471e-01
8.025997877120971680e-02	-5.173670053482055664e-01	4.062649607658386230e-01
1.073704659938812256e-01	-5.129582881927490234e-01	3.828862309455871582e-01
5.992371588945388794e-02	-5.475288033485412598e-01	4.209261834621429443e-01
-2.188958041369915009e-02	-5.690678358078002930e-01	4.454989731311798096e-01
4.899644106626510620e-02	-4.859883487224578857e-01	3.639811277389526367e-01
-1.001462265849113464e-01	-5.762558579444885254e-01	4.427750706672668457e-01
-5.425926670432090759e-02	-5.388938188552856445e-01	4.009194672107696533e-01
-4.587426036596298218e-02	-5.258523821830749512e-01	3.914412260055541992e-01
-7.085131108760833740e-02	-5.452648997306823730e-01	4.009453952312469482e-01
-1.470565237104892731e-02	-5.200485587120056152e-01	3.722743391990661621e-01
3.651379421353340149e-02	-4.858814477920532227e-01	3.179234564304351807e-01
-4.365684092044830322e-02	-5.517214536666870117e-01	3.652936220169067383e-01
-6.069719791412353516e-02	-5.310904383659362793e-01	3.452894687652587891e-01
-4.249363020062446594e-02	-5.230734944343566895e-01	3.256849944591522217e-01
-1.534706074744462967e-02	-5.104485154151916504e-01	2.923014163970947266e-01
-8.314740657806396484e-02	-5.388153195381164551e-01	3.296881318092346191e-01
-9.691609442234039307e-02	-5.371501445770263672e-01	3.253485858440399170e-01
-1.603161841630935669e-01	-5.528118610382080078e-01	3.522791564464569092e-01
6.930434610694646835e-03	-3.986785411834716797e-01	1.936924606561660767e-01
5.978908762335777283e-02	-4.789671599864959717e-01	1.834529340267181396e-01
7.752261310815811157e-02	-4.939336776733398438e-01	1.612163931131362915e-01
-2.801693417131900787e-02	-5.619563460350036621e-01	2.385149300098419189e-01
-9.826489537954330444e-02	-5.711153149604797363e-01	2.805989086627960205e-01
-8.813985437154769897e-02	-5.503975152969360352e-01	2.651880979537963867e-01
-1.778108626604080200e-02	-5.157897472381591797e-01	2.125937640666961670e-01
2.318784594535827637e-02	-5.226908922195434570e-01	1.789045482873916626e-01
-4.710905626416206360e-02	-5.626085400581359863e-01	1.956052184104919434e-01
3.662863001227378845e-02	-5.065506696701049805e-01	1.163231357932090759e-01
1.542713399976491928e-02	-5.426719188690185547e-01	7.986435294151306152e-02
-3.147449577227234840e-03	-5.381959080696105957e-01	6.695446372032165527e-02
4.409147426486015320e-03	-5.326237678527832031e-01	4.156087711453437805e-02
-4.098578542470932007e-02	-5.442223548889160156e-01	7.182986289262771606e-02
-4.555331915616989136e-02	-5.282779335975646973e-01	5.256447941064834595e-02
-1.801671646535396576e-02	-5.135489106178283691e-01	2.744518406689167023e-02
-2.015689760446548462e-02	-5.383020639419555664e-01	8.075058460235595703e-03
-2.951443754136562347e-02	-5.423026084899902344e-01	6.318902596831321716e-03
-1.604985259473323822e-02	-5.155763030052185059e-01	-2.578265219926834106e-02
-1.342399567365646362e-01	-5.602254867553710938e-01	1.357358600944280624e-02
-1.618023067712783813e-01	-5.461671948432922363e-01	1.997792534530162811e-02
7.321137469261884689e-03	-3.953630924224853516e-01	-6.067733094096183777e-02
-8.235664665699005127e-02	-5.191398859024047852e-01	-1.693997718393802643e-02
-1.236320286989212036e-01	-5.281231999397277832e-01	3.803944564424455166e-04
-9.576190263032913208e-03	-4.514757096767425537e-01	-5.025431886315345764e-02
8.083606511354446411e-02	-3.994561433792114258e-01	-1.022657454013824463e-01
1.087486371397972107e-01	-5.062187910079956055e-01	-9.886485338211059570e-02
1.162230893969535828e-01	-5.029577016830444336e-01	-1.053718179464340210e-01
6.804732978343963623e-02	-5.392160415649414062e-01	-7.420919090509414673e-02
9.833508171141147614e-03	-5.609781146049499512e-01	-4.941504448652267456e-02
2.163534797728061676e-02	-5.308907032012939453e-01	-5.931936576962471008e-02
1.241049263626337051e-03	-5.340140461921691895e-01	-9.229008853435516357e-02
5.777326598763465881e-02	-4.989618062973022461e-01	-1.298964172601699829e-01
-1.237323042005300522e-02	-5.392803549766540527e-01	-1.551412045955657959e-01
-7.098454982042312622e-02	-5.369004011154174805e-01	-1.855318099260330200e-01
-6.851525604724884033e-02	-5.124095678329467773e-01	-2.140358835458755493e-01
-1.031111627817153931e-01	-5.309104323387145996e-01	-2.073383927345275879e-01
-7.526535540819168091e-02	-5.174826979637145996e-01	-2.064022570848464966e-01
-1.587564498186111450e-01	-5.473497509956359863e-01	-2.069371044635772705e-01
-3.665064647793769836e-02	-4.742802381515502930e-01	-2.126986533403396606e-01
-6.443780660629272461e-02	-5.213711857795715332e-01	-2.210651040077209473e-01
-8.152673393487930298e-02	-5.351595282554626465e-01	-2.355167567729949951e-01
-7.763776928186416626e-02	-5.189447402954101562e-01	-2.601448595523834229e-01
-1.226605921983718872e-01	-5.527613759040832520e-01	-2.714332342147827148e-01
-5.257094278931617737e-02	-5.200619101524353027e-01	-2.826588153839111328e-01
-1.574655622243881226e-01	-5.707299709320068359e-01	-2.896070182323455811e-01
-1.038295850157737732e-01	-5.340754389762878418e-01	-2.996957302093505859e-01
-1.095120161771774292e-01	-5.447202920913696289e-01	-3.054170310497283936e-01
-1.856433302164077759e-01	-5.727196931838989258e-01	-3.088717460632324219e-01
-1.114159226417541504e-01	-5.530428290367126465e-01	-3.239127993583679199e-01
-5.448757484555244446e-02	-5.390376448631286621e-01	-3.236796855926513672e-01
-1.150860860943794250e-01	-5.686199069023132324e-01	-3.300326764583587646e-01
-1.382759511470794678e-01	-5.703291296958923340e-01	-3.351428806781768799e-01
-1.662118583917617798e-01	-5.690022706985473633e-01	-3.504375219345092773e-01
-1.971492469310760498e-01	-5.676942467689514160e-01	-3.425940275192260742e-01
-1.198908463120460510e-01	-5.385938286781311035e-01	-3.535772860050201416e-01
-1.595492213964462280e-01	-5.529845356941223145e-01	-3.522140681743621826e-01
-1.003667712211608887e-01	-5.347929596900939941e-01	-3.456529676914215088e-01
-1.514248400926589966e-01	-5.596699118614196777e-01	-3.401758372783660889e-01
-1.603211015462875366e-01	-5.466355681419372559e-01	-3.295925259590148926e-01
-1.116984933614730835e-01	-5.385773181915283203e-01	-3.359726965427398682e-01
-8.802814036607742310e-02	-5.416428446769714355e-01	-3.398481905460357666e-01
-1.570643335580825806e-01	-5.554645657539367676e-01	-3.552547991275787354e-01
-1.585099399089813232e-01	-5.569132566452026367e-01	-3.574309349060058594e-01
-2.687594294548034668e-01	-5.606917142868041992e-01	-3.707401156425476074e-01
-2.177908271551132202e-01	-5.072706341743469238e-01	-3.809961378574371338e-01
-2.289289981126785278e-01	-5.291856527328491211e-01	-3.851090669631958008e-01
-2.562144696712493896e-01	-5.236182212829589844e-01	-3.913742899894714355e-01
-7.087595015764236450e-02	-4.496974050998687744e-01	-3.859594166278839111e-01
-1.795795261859893799e-01	-5.354633927345275879e-01	-3.924224972724914551e-01
-1.811501532793045044e-01	-5.351041555404663086e-01	-4.165583848953247070e-01
-2.708968818187713623e-01	-5.516178607940673828e-01	-4.176547527313232422e-01
-2.940350174903869629e-01	-5.383954048156738281e-01	-4.425007104873657227e-01
-3.399480581283569336e-01	-5.407297611236572266e-01	-4.571111202239990234e-01
-3.289547264575958252e-01	-5.151670575141906738e-01	-4.446884095668792725e-01
-2.109873145818710327e-01	-4.588849842548370361e-01	-4.462684690952301025e-01
-1.582350432872772217e-01	-4.751685261726379395e-01	-4.461489915847778320e-01
-2.406492829322814941e-01	-5.256530642509460449e-01	-4.748028218746185303e-01
-3.955819606781005859e-01	-5.667853951454162598e-01	-4.839285910129547119e-01
-2.997773289680480957e-01	-5.273596048355102539e-01	-4.772335588932037354e-01
-3.403169214725494385e-01	-5.573863387107849121e-01	-5.038552880287170410e-01
-2.852041423320770264e-01	-5.263462066650390625e-01	-5.112547874450683594e-01
-3.257122635841369629e-01	-5.495671033859252930e-01	-5.180073976516723633e-01
-3.151607811450958252e-01	-5.402490496635437012e-01	-5.218681693077087402e-01
-3.429409563541412354e-01	-5.364454984664916992e-01	-5.184156894683837891e-01
-3.525936305522918701e-01	-5.259989500045776367e-01	-5.217116475105285645e-01
-4.017142057418823242e-01	-5.225889086723327637e-01	-5.138745903968811035e-01
-1.972399204969406128e-01	-4.520784020423889160e-01	-5.180620551109313965e-01
-2.714985013008117676e-01	-5.208345651626586914e-01	-5.353344082832336426e-01
-3.930389285087585449e-01	-5.389374494552612305e-01	-5.426626801490783691e-01
-1.654218435287475586e-01	-4.496842324733734131e-01	-5.202180743217468262e-01
-4.174275100231170654e-01	-5.572891831398010254e-01	-5.598176121711730957e-01
-3.117345273494720459e-01	-5.057131052017211914e-01	-5.407062768936157227e-01
-4.030691683292388916e-01	-5.355621576309204102e-01	-5.583674907684326172e-01
-3.937332928180694580e-01	-5.164713263511657715e-01	-5.552433133125305176e-01
-3.721905648708343506e-01	-4.937031567096710205e-01	-5.444946289062500000e-01
-4.123681485652923584e-01	-4.895152151584625244e-01	-5.714121460914611816e-01
-3.234521746635437012e-01	-4.432561099529266357e-01	-5.365873575210571289e-01
-2.340063452720642090e-01	-4.260121881961822510e-01	-5.460873246192932129e-01
-3.235910534858703613e-01	-4.817794263362884521e-01	-5.955398678779602051e-01
-3.864335417747497559e-01	-4.977572560310363770e-01	-6.036823987960815430e-01
-4.410355985164642334e-01	-4.873935580253601074e-01	-5.950550436973571777e-01
-4.608201980590820312e-01	-4.878493249416351318e-01	-5.901470184326171875e-01
-4.424624443054199219e-01	-4.782830774784088135e-01	-6.057213544845581055e-01
-3.900350928306579590e-01	-4.358642399311065674e-01	-5.726897120475769043e-01
-3.921287059783935547e-01	-3.993998765945434570e-01	-5.624431967735290527e-01
-4.052278697490692139e-01	-3.866975903511047363e-01	-5.630673766136169434e-01
-5.168074369430541992e-01	-3.856571316719055176e-01	-5.683273077011108398e-01
-2.131053805351257324e-01	-2.086806297302246094e-01	-5.132188796997070312e-01
-1.572509109973907471e-01	-1.621058583259582520e-01	-5.456422567367553711e-01
-3.919852972030639648e-01	-2.833381891250610352e-01	-6.035943031311035156e-01
-3.073561489582061768e-01	-2.695210576057434082e-01	-5.652533769607543945e-01
-4.561107754707336426e-01	-3.141765594482421875e-01	-5.926999449729919434e-01
-4.438750743865966797e-01	-3.075558245182037354e-01	-5.792595148086547852e-01
-4.672420620918273926e-01	-3.165018856525421143e-01	-5.820893049240112305e-01
-4.607841372489929199e-01	-2.989812195301055908e-01	-5.787878632545471191e-01
-4.467635452747344971e-01	-2.635449767112731934e-01	-5.818696022033691406e-01
-5.084800124168395996e-01	-2.824453115463256836e-01	-5.904708504676818848e-01
-4.263895750045776367e-01	-2.290710508823394775e-01	-5.687671303749084473e-01
-4.728506803512573242e-01	-2.354868501424789429e-01	-5.807278156280517578e-01
-4.826379120349884033e-01	-2.027311325073242188e-01	-5.591464042663574219e-01
-4.920911788940429688e-01	-1.795717030763626099e-01	-5.578089356422424316e-01
-4.371383190155029297e-01	-1.189989596605300903e-01	-5.389485359191894531e-01
-3.988431394100189209e-01	-1.021935418248176575e-01	-5.400943756103515625e-01
-3.627579808235168457e-01	-8.473248034715652466e-02	-5.451453328132629395e-01
-3.747811615467071533e-01	-1.168829053640365601e-01	-5.660697221755981445e-01
-3.596177399158477783e-01	-1.286773681640625000e-01	-5.567095279693603516e-01
-4.715276062488555908e-01	-1.699174791574478149e-01	-5.767431259155273438e-01
-3.824262917041778564e-01	-1.607420146465301514e-01	-5.440151095390319824e-01
-4.515550434589385986e-01	-1.508692502975463867e-01	-5.544694662094116211e-01
-4.219235479831695557e-01	-1.347595006227493286e-01	-5.473176836967468262e-01
-2.995577454566955566e-01	-1.310172975063323975e-01	-5.427305698394775391e-01
-3.604312539100646973e-01	-1.502842903137207031e-01	-5.663555860519409180e-01
-4.556326270103454590e-01	-1.520292758941650391e-01	-5.707063078880310059e-01
-3.797124326229095459e-01	-1.444821059703826904e-01	-5.575209856033325195e-01
-3.087337017059326172e-01	-1.249391809105873108e-01	-5.497221946716308594e-01
-3.113338053226470947e-01	-1.689167171716690063e-01	-5.618856549263000488e-01
-3.709360063076019287e-01	-2.120135724544525146e-01	-5.809006690979003906e-01
-3.370715677738189697e-01	-2.101069539785385132e-01	-5.638836622238159180e-01
-2.355634719133377075e-01	-1.232438683509826660e-01	-5.478695034980773926e-01
-3.488883376121520996e-01	-8.624540269374847412e-02	-5.584175586700439453e-01
-3.491688966751098633e-01	-3.892876580357551575e-02	-5.466479063034057617e-01
-1.721660494804382324e-01	-3.222668915987014771e-02	-5.342510938644409180e-01
-2.093547880649566650e-01	-3.919720649719238281e-02	-5.621355772018432617e-01
-1.731370240449905396e-01	-7.021264731884002686e-02	-5.706884860992431641e-01
-2.507673501968383789e-01	-1.204207539558410645e-01	-5.945576429367065430e-01
-2.339874356985092163e-01	-8.155377954244613647e-02	-5.879407525062561035e-01
-2.722412049770355225e-01	-1.028890609741210938e-01	-5.917737483978271484e-01
-2.046120911836624146e-01	-5.652207136154174805e-02	-5.767496824264526367e-01
-1.639944612979888916e-01	-5.560180172324180603e-02	-5.863515734672546387e-01
-2.002097815275192261e-01	-7.084394991397857666e-02	-6.090193986892700195e-01
-2.343832254409790039e-01	-6.544613093137741089e-02	-6.047145724296569824e-01
-1.388541609048843384e-01	-4.381800070405006409e-02	-5.675798058509826660e-01
-1.565915495157241821e-01	-5.349828302860260010e-02	-5.835316181182861328e-01
-1.423877924680709839e-01	-3.839587420225143433e-02	-5.974733829498291016e-01
-1.255449801683425903e-01	-3.721372783184051514e-02	-5.830683112144470215e-01
-9.151496738195419312e-02	-8.185825496912002563e-02	-5.712590217590332031e-01
-6.911127269268035889e-02	-5.912168323993682861e-02	-5.698402523994445801e-01
-4.189277067780494690e-02	-1.041540130972862244e-01	-5.962938666343688965e-01
-5.468827113509178162e-02	-9.566055983304977417e-02	-5.955197811126708984e-01
-3.717460483312606812e-02	-5.817971006035804749e-02	-5.656304359436035156e-01
-4.757647588849067688e-02	-4.664221033453941345e-02	-5.932139158248901367e-01
-5.571908876299858093e-02	-2.691018953919410706e-02	-5.824190378189086914e-01
-1.996993832290172577e-02	3.942586481571197510e-02	-5.450794100761413574e-01
-1.592567132320255041e-04	9.656800329685211182e-02	-5.854481458663940430e-01
2.555570099502801895e-03	1.090370193123817444e-01	-5.872800946235656738e-01
-2.158944122493267059e-02	9.029203653335571289e-02	-5.778325796127319336e-01
5.775440949946641922e-03	6.172223016619682312e-02	-5.782148838043212891e-01
1.177986524999141693e-02	3.298085555434226990e-02	-5.964335203170776367e-01
3.242339938879013062e-02	3.098546899855136871e-02	-5.698774456977844238e-01
8.092337101697921753e-02	1.717625930905342102e-02	-5.641646385192871094e-01
1.122114211320877075e-01	-3.336148336529731750e-02	-5.835711956024169922e-01
1.305193006992340088e-01	-5.257392302155494690e-02	-5.906538963317871094e-01
1.031719297170639038e-01	-1.747494004666805267e-02	-5.768059492111206055e-01
1.074262484908103943e-01	-5.042245145887136459e-03	-5.596271157264709473e-01
1.270057111978530884e-01	1.458212919533252716e-02	-5.516432523727416992e-01
1.404619365930557251e-01	3.838161006569862366e-03	-5.486748218536376953e-01
1.573831737041473389e-01	1.333486195653676987e-02	-5.395257472991943359e-01
1.648281067609786987e-01	-5.136128515005111694e-02	-5.474961996078491211e-01
1.614114642143249512e-01	-3.826195746660232544e-02	-5.356122255325317383e-01
1.564332991838455200e-01	-5.163068324327468872e-02	-5.531114339828491211e-01
1.512857228517532349e-01	-6.405468098819255829e-03	-5.370506644248962402e-01
1.535495966672897339e-01	2.258321829140186310e-02	-5.260470509529113770e-01
1.805680543184280396e-01	8.587731979787349701e-03	-5.277456641197204590e-01
2.081720829010009766e-01	-2.975839003920555115e-02	-5.458202362060546875e-01
2.351472973823547363e-01	-5.773768201470375061e-02	-5.662289857864379883e-01
2.652827799320220947e-01	-5.706385523080825806e-02	-5.512424707412719727e-01
2.828811407089233398e-01	-9.008136391639709473e-02	-5.600979924201965332e-01
2.792750895023345947e-01	-9.408556669950485229e-02	-5.602548122406005859e-01
2.608080208301544189e-01	-1.067636087536811829e-01	-5.615358352661132812e-01
2.945159971714019775e-01	-1.431451737880706787e-02	-5.576809644699096680e-01
3.148101866245269775e-01	-1.186582371592521667e-01	-5.643820762634277344e-01
2.774118185043334961e-01	-6.399887800216674805e-02	-5.579340457916259766e-01
2.470556050539016724e-01	3.837617114186286926e-03	-5.519413352012634277e-01
2.627523839473724365e-01	3.363468870520591736e-02	-5.564460158348083496e-01
2.957057952880859375e-01	-1.207198202610015869e-02	-5.553345084190368652e-01
3.273325860500335693e-01	-1.288373023271560669e-01	-6.059326529502868652e-01
3.251897096633911133e-01	-1.225989833474159241e-01	-5.813378691673278809e-01
3.297379910945892334e-01	-1.775675415992736816e-01	-5.609185099601745605e-01
3.183701038360595703e-01	-1.583799421787261963e-01	-5.528165698051452637e-01
3.298913836479187012e-01	-2.375413328409194946e-01	-5.614385604858398438e-01
3.213592767715454102e-01	-1.235805302858352661e-01	-5.507793426513671875e-01
3.155553340911865234e-01	1.198066398501396179e-02	-5.224487781524658203e-01
3.659968674182891846e-01	3.537315176799893379e-03	-5.111119747161865234e-01
4.113965630531311035e-01	-1.462333202362060547e-01	-5.470078587532043457e-01
4.063799083232879639e-01	-1.339489966630935669e-01	-5.556343197822570801e-01
4.137029647827148438e-01	-1.219692230224609375e-01	-5.658506155014038086e-01
4.570375978946685791e-01	-1.887830346822738647e-01	-5.679207444190979004e-01
4.169455766677856445e-01	-1.465123295783996582e-01	-5.668568015098571777e-01
3.782825469970703125e-01	-1.144211739301681519e-01	-5.534221529960632324e-01
3.706166148185729980e-01	-4.811315611004829407e-02	-5.507199764251708984e-01
3.623891472816467285e-01	-5.450770631432533264e-02	-5.437804460525512695e-01
3.899785280227661133e-01	-1.107952520251274109e-01	-5.523902177810668945e-01
4.027887284755706787e-01	-1.491214185953140259e-01	-5.536974668502807617e-01
3.946477174758911133e-01	-1.775429099798202515e-01	-5.697193145751953125e-01
3.949359059333801270e-01	-1.329674124717712402e-01	-5.603976845741271973e-01
4.068849086761474609e-01	-1.519684195518493652e-01	-5.579320788383483887e-01
3.917329311370849609e-01	-1.893586069345474243e-01	-5.622493624687194824e-01
3.871502578258514404e-01	-1.120136752724647522e-01	-5.554790496826171875e-01
4.227237403392791748e-01	-1.188738271594047546e-01	-5.739605426788330078e-01
4.619289338588714600e-01	-1.846626847982406616e-01	-5.867791175842285156e-01
4.428038895130157471e-01	-1.395495384931564331e-01	-5.834296345710754395e-01
4.711336493492126465e-01	-1.764020174741744995e-01	-6.036040186882019043e-01
4.593155682086944580e-01	-1.850870549678802490e-01	-5.972466468811035156e-01
4.797628819942474365e-01	-1.902299374341964722e-01	-6.174021959304809570e-01
4.875786602497100830e-01	-1.932230740785598755e-01	-6.132382750511169434e-01
4.915168881416320801e-01	-1.948103159666061401e-01	-6.214936375617980957e-01
4.847973585128784180e-01	-1.619595289230346680e-01	-6.093228459358215332e-01
5.129903554916381836e-01	-2.202255129814147949e-01	-6.222984790802001953e-01
5.198473930358886719e-01	-2.429644018411636353e-01	-6.325358748435974121e-01
5.115132927894592285e-01	-1.758179515600204468e-01	-6.153396368026733398e-01
5.365800857543945312e-01	-1.881537884473800659e-01	-6.256449818611145020e-01
5.281116962432861328e-01	-2.097619473934173584e-01	-6.180843114852905273e-01
5.311563611030578613e-01	-2.506440579891204834e-01	-6.186110973358154297e-01
5.118266940116882324e-01	-2.340705990791320801e-01	-6.144861578941345215e-01
4.742725491523742676e-01	-1.594306528568267822e-01	-5.924525260925292969e-01
4.776532649993896484e-01	-1.920358389616012573e-01	-6.002095937728881836e-01
4.933875501155853271e-01	-1.787788271903991699e-01	-6.060816049575805664e-01
4.763370752334594727e-01	-1.798412948846817017e-01	-6.103376150131225586e-01
4.577312469482421875e-01	-1.190559267997741699e-01	-5.758444666862487793e-01
5.109080076217651367e-01	-2.102887034416198730e-01	-6.029356122016906738e-01
5.566681027412414551e-01	-3.230232000350952148e-01	-6.380422115325927734e-01
5.153120756149291992e-01	-2.871728837490081787e-01	-6.187577247619628906e-01
5.376874804496765137e-01	-3.032667636871337891e-01	-6.278762221336364746e-01
5.366350412368774414e-01	-2.957843840122222900e-01	-6.129995584487915039e-01
5.543698668479919434e-01	-3.715171813964843750e-01	-6.292159557342529297e-01
5.534880757331848145e-01	-4.042897522449493408e-01	-6.182581186294555664e-01
5.218630433082580566e-01	-3.766451179981231689e-01	-6.052437424659729004e-01
5.369353890419006348e-01	-3.800359070301055908e-01	-5.970125198364257812e-01
5.685389637947082520e-01	-4.217561483383178711e-01	-5.954238176345825195e-01
5.365624427795410156e-01	-3.846548497676849365e-01	-6.007481217384338379e-01
5.289078950881958008e-01	-3.847030103206634521e-01	-6.112437844276428223e-01
5.346587896347045898e-01	-3.737434148788452148e-01	-5.960659980773925781e-01
5.478426218032836914e-01	-3.877439498901367188e-01	-6.076745390892028809e-01
5.699365139007568359e-01	-4.315720498561859131e-01	-5.965718626976013184e-01
5.703544616699218750e-01	-4.432318210601806641e-01	-6.022535562515258789e-01
5.879127383232116699e-01	-4.978247284889221191e-01	-5.968982577323913574e-01
5.690582394599914551e-01	-4.723321795463562012e-01	-5.839179158210754395e-01
5.047073364257812500e-01	-3.552518188953399658e-01	-5.522758960723876953e-01
5.429539680480957031e-01	-3.589445650577545166e-01	-5.321945548057556152e-01
6.022194027900695801e-01	-4.110497832298278809e-01	-5.236445665359497070e-01
6.339478492736816406e-01	-4.970896542072296143e-01	-4.964104294776916504e-01
6.066092252731323242e-01	-4.767081737518310547e-01	-5.035185217857360840e-01
5.693666934967041016e-01	-4.332808554172515869e-01	-4.887515902519226074e-01
6.015032529830932617e-01	-4.659684896469116211e-01	-4.951721727848052979e-01
5.866946578025817871e-01	-4.378176033496856689e-01	-4.980089664459228516e-01
5.672066807746887207e-01	-3.854649662971496582e-01	-4.819556474685668945e-01
6.097354888916015625e-01	-4.083311557769775391e-01	-4.646670222282409668e-01
6.165182590484619141e-01	-4.253626763820648193e-01	-4.796265661716461182e-01
5.846851468086242676e-01	-4.058501422405242920e-01	-4.584043622016906738e-01
5.926718115806579590e-01	-4.330883026123046875e-01	-4.356044530868530273e-01
6.066231727600097656e-01	-4.627956748008728027e-01	-4.242765307426452637e-01
5.655407309532165527e-01	-4.184098541736602783e-01	-4.061419963836669922e-01
5.479457974433898926e-01	-3.969972729682922363e-01	-3.876223862171173096e-01
5.100064873695373535e-01	-3.113727271556854248e-01	-3.625696301460266113e-01
4.905915260314941406e-01	-2.222074270248413086e-01	-3.281435966491699219e-01
5.484130978584289551e-01	-2.942792475223541260e-01	-3.461342751979827881e-01
5.406671762466430664e-01	-2.848352193832397461e-01	-3.392519354820251465e-01
5.564087629318237305e-01	-2.902176082134246826e-01	-3.584698438644409180e-01
5.392565727233886719e-01	-2.559186518192291260e-01	-3.370783627033233643e-01
5.204843878746032715e-01	-2.364344000816345215e-01	-3.235917687416076660e-01
5.611842274665832520e-01	-3.643022775650024414e-01	-3.254237473011016846e-01
5.359542965888977051e-01	-3.743500709533691406e-01	-3.267232775688171387e-01
5.529364347457885742e-01	-4.133107960224151611e-01	-3.093120157718658447e-01
5.071805119514465332e-01	-2.906221151351928711e-01	-2.915880382061004639e-01
5.168321728706359863e-01	-2.456352263689041138e-01	-2.721064984798431396e-01
5.927079916000366211e-01	-3.575426936149597168e-01	-2.585104703903198242e-01
5.908678770065307617e-01	-3.510706424713134766e-01	-2.273439168930053711e-01
5.882143378257751465e-01	-3.183135390281677246e-01	-2.164664566516876221e-01
5.988219380378723145e-01	-3.312082290649414062e-01	-2.106275558471679688e-01
5.883866548538208008e-01	-3.568496704101562500e-01	-2.112563550472259521e-01
5.977529287338256836e-01	-3.630824089050292969e-01	-2.114881724119186401e-01
6.017695665359497070e-01	-3.788448572158813477e-01	-2.032156437635421753e-01
5.932141542434692383e-01	-3.535274267196655273e-01	-2.016304284334182739e-01
5.993877649307250977e-01	-3.345037698745727539e-01	-1.790834814310073853e-01
6.149306893348693848e-01	-3.539140522480010986e-01	-1.726899445056915283e-01
5.893718004226684570e-01	-3.440185189247131348e-01	-1.818139553070068359e-01
5.829170346260070801e-01	-3.080664277076721191e-01	-1.870097070932388306e-01
5.831143260002136230e-01	-2.751043736934661865e-01	-1.935555934906005859e-01
5.812450051307678223e-01	-2.325043082237243652e-01	-1.918812543153762817e-01
6.136544942855834961e-01	-3.126538395881652832e-01	-1.939364522695541382e-01
5.969399213790893555e-01	-3.067653477191925049e-01	-1.977619975805282593e-01
5.585953593254089355e-01	-2.345220148563385010e-01	-2.112070620059967041e-01
5.992079377174377441e-01	-2.745617330074310303e-01	-1.968854218721389771e-01
5.852048993110656738e-01	-2.412984669208526611e-01	-1.884630769491195679e-01
6.187741160392761230e-01	-2.652863264083862305e-01	-1.667177975177764893e-01
5.773500204086303711e-01	-1.881323307752609253e-01	-1.670981347560882568e-01
5.824953913688659668e-01	-1.682213097810745239e-01	-1.732342690229415894e-01
5.971500277519226074e-01	-1.807035952806472778e-01	-1.663972139358520508e-01
6.012198925018310547e-01	-1.932413578033447266e-01	-1.900002807378768921e-01
5.896192193031311035e-01	-2.049666494131088257e-01	-1.932874023914337158e-01
5.949030518531799316e-01	-2.793070375919342041e-01	-2.007346302270889282e-01
5.821152329444885254e-01	-2.767263948917388916e-01	-1.799271702766418457e-01
5.699852705001831055e-01	-2.469095587730407715e-01	-1.762545257806777954e-01
5.933492183685302734e-01	-2.613608241081237793e-01	-1.582600623369216919e-01
5.994744300842285156e-01	-2.495800554752349854e-01	-1.524903923273086548e-01
6.054723262786865234e-01	-2.360437661409378052e-01	-1.288601756095886230e-01
5.902039408683776855e-01	-2.395970225334167480e-01	-1.042612791061401367e-01
6.306362152099609375e-01	-2.876022160053253174e-01	-6.926050037145614624e-02
6.052178740501403809e-01	-2.210210263729095459e-01	-6.987598538398742676e-02
5.895701646804809570e-01	-1.828578859567642212e-01	-6.453736126422882080e-02
5.929707288742065430e-01	-2.227516621351242065e-01	-6.212366744875907898e-02
5.870503187179565430e-01	-1.967550069093704224e-01	-6.781564652919769287e-02
5.561152100563049316e-01	-1.933741569519042969e-01	-6.985822319984436035e-02
5.519144535064697266e-01	-2.192882895469665527e-01	-6.513939797878265381e-02
5.640508532524108887e-01	-2.858734130859375000e-01	-5.725842341780662537e-02
4.925259351730346680e-01	-1.540812104940414429e-01	-1.261291205883026123e-01
4.141827821731567383e-01	-1.104245148599147797e-02	-1.467797905206680298e-01
5.126566290855407715e-01	-1.869909465312957764e-01	-2.993410453200340271e-02
5.026165246963500977e-01	-1.856269389390945435e-01	-2.758215367794036865e-02
4.890435934066772461e-01	-2.209152430295944214e-01	-1.060013892129063606e-03
4.716596901416778564e-01	-1.767526268959045410e-01	-3.709210082888603210e-02
4.619255065917968750e-01	-1.296793073415756226e-01	-5.472602322697639465e-02
4.466744661331176758e-01	-4.875607043504714966e-02	-9.432561695575714111e-02
4.680603742599487305e-01	-1.222663000226020813e-01	-5.369774624705314636e-02
4.810256958007812500e-01	-2.852916121482849121e-01	3.793659061193466187e-02
4.823068976402282715e-01	-1.925610005855560303e-01	-6.556722335517406464e-03
5.183930993080139160e-01	-2.883225977420806885e-01	3.364039957523345947e-02
4.663124978542327881e-01	-6.294701993465423584e-02	-8.040148019790649414e-02
5.278918147087097168e-01	-1.505597382783889771e-01	-3.397906944155693054e-02
5.778419375419616699e-01	-2.856184840202331543e-01	6.408770382404327393e-02
5.668308138847351074e-01	-2.515878677368164062e-01	4.205274581909179688e-02
5.932065248489379883e-01	-3.316313624382019043e-01	1.282242089509963989e-01
5.695989131927490234e-01	-2.597601115703582764e-01	8.718372136354446411e-02
5.970563292503356934e-01	-3.118753731250762939e-01	1.013453006744384766e-01
5.525919198989868164e-01	-2.207821011543273926e-01	3.487124294042587280e-02
5.802270174026489258e-01	-3.092919886112213135e-01	6.976172327995300293e-02
5.970462560653686523e-01	-3.278550207614898682e-01	9.843321889638900757e-02
5.781871080398559570e-01	-2.554113268852233887e-01	4.441625997424125671e-02
6.008957028388977051e-01	-3.023953139781951904e-01	7.550405710935592651e-02
5.885537862777709961e-01	-3.155417144298553467e-01	6.819530576467514038e-02
5.771308541297912598e-01	-3.052225410938262939e-01	4.024821519851684570e-02
5.955603122711181641e-01	-3.288216888904571533e-01	4.763930290937423706e-02
5.954890251159667969e-01	-3.739762008190155029e-01	1.127583459019660950e-01
5.742494463920593262e-01	-3.685221672058105469e-01	1.266263723373413086e-01
5.749179124832153320e-01	-4.096426367759704590e-01	1.295426189899444580e-01
5.810761451721191406e-01	-4.322880208492279053e-01	1.243146806955337524e-01
5.181574225425720215e-01	-2.535308599472045898e-01	9.560328908264636993e-03
5.203446745872497559e-01	-1.818086504936218262e-01	-3.469881415367126465e-02
5.731831192970275879e-01	-3.468939363956451416e-01	1.027157530188560486e-01
5.800178050994873047e-01	-3.853171765804290771e-01	1.740273088216781616e-01
5.916321277618408203e-01	-3.801524043083190918e-01	2.179186642169952393e-01
5.532204508781433105e-01	-2.994426488876342773e-01	1.630052030086517334e-01
6.074742078781127930e-01	-3.891761302947998047e-01	2.082731872797012329e-01
5.933896303176879883e-01	-3.522323071956634521e-01	1.862367838621139526e-01
6.121028661727905273e-01	-3.923871517181396484e-01	2.207627892494201660e-01
5.965290665626525879e-01	-3.266669809818267822e-01	1.819557398557662964e-01
6.133083701133728027e-01	-3.952240347862243652e-01	2.518755495548248291e-01
5.997699499130249023e-01	-3.598024249076843262e-01	2.241861671209335327e-01
6.130710840225219727e-01	-3.686482012271881104e-01	2.449621856212615967e-01
6.288300156593322754e-01	-4.051337838172912598e-01	2.442581057548522949e-01
6.100275516510009766e-01	-3.611420989036560059e-01	1.961711347103118896e-01
5.886090993881225586e-01	-3.099742531776428223e-01	1.518578529357910156e-01
5.791554450988769531e-01	-2.744055092334747314e-01	1.365611553192138672e-01
6.028490066528320312e-01	-3.319415748119354248e-01	2.163672596216201782e-01
5.856004953384399414e-01	-3.133791089057922363e-01	2.373398989439010620e-01
5.805518031120300293e-01	-2.609408497810363770e-01	1.906728595495223999e-01
5.988628864288330078e-01	-3.382244706153869629e-01	2.667201161384582520e-01
5.863878130912780762e-01	-2.945598065853118896e-01	2.571653723716735840e-01
4.545589089393615723e-01	-6.510410457849502563e-02	2.759953401982784271e-02
4.349942505359649658e-01	-1.513477694243192673e-02	-3.883299976587295532e-02
4.679698050022125244e-01	-2.107153832912445068e-02	2.431655069813132286e-03
5.364239811897277832e-01	-1.411517113447189331e-01	1.457004994153976440e-01
5.835245847702026367e-01	-2.241829782724380493e-01	2.613456547260284424e-01
5.835061669349670410e-01	-2.150280326604843140e-01	3.010324239730834961e-01
5.890106558799743652e-01	-2.532587349414825439e-01	3.549063503742218018e-01
5.957387089729309082e-01	-2.475427240133285522e-01	3.686612248420715332e-01
5.976907014846801758e-01	-2.511979937553405762e-01	3.818672001361846924e-01
5.790436863899230957e-01	-2.495571821928024292e-01	4.086074829101562500e-01
5.655407905578613281e-01	-1.946437209844589233e-01	3.666235506534576416e-01
5.831555128097534180e-01	-2.103220075368881226e-01	4.134938120841979980e-01
5.692777633666992188e-01	-1.721074432134628296e-01	3.987675011157989502e-01
5.789304971694946289e-01	-1.608986705541610718e-01	4.005824923515319824e-01
5.614773631095886230e-01	-1.094469130039215088e-01	3.433492779731750488e-01
5.807231664657592773e-01	-1.615341454744338989e-01	3.892727792263031006e-01
5.741723179817199707e-01	-1.580567359924316406e-01	4.015039801597595215e-01
5.681942701339721680e-01	-1.614930778741836548e-01	3.947680592536926270e-01
5.964969396591186523e-01	-2.118469178676605225e-01	4.291336536407470703e-01
6.031844019889831543e-01	-1.789540946483612061e-01	4.266728460788726807e-01
5.930968523025512695e-01	-1.351778060197830200e-01	4.040036797523498535e-01
5.903582572937011719e-01	-1.351023465394973755e-01	4.150360524654388428e-01
5.762991309165954590e-01	-8.743165433406829834e-02	3.857724368572235107e-01
5.973582267761230469e-01	-1.027087345719337463e-01	4.067263603210449219e-01
6.092999577522277832e-01	-1.233930662274360657e-01	4.309138059616088867e-01
6.070697307586669922e-01	-1.482435017824172974e-01	4.295446574687957764e-01
6.179895401000976562e-01	-1.560300737619400024e-01	4.406435191631317139e-01
5.957169532775878906e-01	-1.198972836136817932e-01	4.300673604011535645e-01
5.685003995895385742e-01	-4.925705865025520325e-02	3.585059344768524170e-01
5.905392765998840332e-01	-7.581009715795516968e-02	3.726428449153900146e-01
6.159702539443969727e-01	-1.059768050909042358e-01	3.902717530727386475e-01
6.435453295707702637e-01	-1.504762172698974609e-01	4.364401996135711670e-01
6.220206022262573242e-01	-8.303722739219665527e-02	3.983775675296783447e-01
6.010042428970336914e-01	-5.500645563006401062e-02	3.737856149673461914e-01
6.328871846199035645e-01	-7.574658095836639404e-02	4.115952551364898682e-01
6.245540976524353027e-01	-6.890598684549331665e-02	3.973561823368072510e-01
6.164634823799133301e-01	-5.722503364086151123e-02	3.652576506137847900e-01
6.029587984085083008e-01	-5.973280593752861023e-02	3.375087082386016846e-01
6.361265778541564941e-01	-1.350591033697128296e-01	3.956522345542907715e-01
5.901275873184204102e-01	-3.655835986137390137e-02	3.122358620166778564e-01
5.479467511177062988e-01	2.266284450888633728e-02	2.227426916360855103e-01
5.796440839767456055e-01	2.945910766720771790e-02	2.388468831777572632e-01
6.065461039543151855e-01	2.088058739900588989e-02	2.833544611930847168e-01
6.350505352020263672e-01	-2.958161011338233948e-02	3.594470918178558350e-01
6.234031915664672852e-01	-2.216929197311401367e-02	3.530276417732238770e-01
6.394847035408020020e-01	-5.269706621766090393e-02	3.835312426090240479e-01
6.235834956169128418e-01	-4.044732078909873962e-02	3.625478744506835938e-01
6.057180166244506836e-01	-3.199728578329086304e-02	3.084368109703063965e-01
6.256164908409118652e-01	-1.847278699278831482e-02	3.318045437335968018e-01
6.240098476409912109e-01	-5.609239451587200165e-03	3.099774718284606934e-01
6.224345564842224121e-01	6.735280621796846390e-03	2.963157296180725098e-01
6.306190490722656250e-01	4.410896450281143188e-03	3.205149173736572266e-01
6.227681636810302734e-01	2.300431765615940094e-02	3.147043585777282715e-01
6.152448058128356934e-01	1.609489135444164276e-02	3.108442127704620361e-01
6.290237307548522949e-01	1.797129586338996887e-02	3.446833789348602295e-01
6.316214799880981445e-01	5.525580048561096191e-02	3.651957511901855469e-01
5.957950949668884277e-01	9.539018571376800537e-02	2.675718069076538086e-01
6.119630336761474609e-01	1.286815255880355835e-01	2.973970472812652588e-01
6.134992837905883789e-01	1.530741602182388306e-01	2.682004570960998535e-01
6.141942739486694336e-01	1.853554248809814453e-01	2.723788619041442871e-01
5.824016928672790527e-01	1.956538856029510498e-01	1.932798624038696289e-01
6.174997687339782715e-01	2.433581203222274780e-01	2.083449661731719971e-01
6.377059817314147949e-01	2.840081751346588135e-01	2.470961809158325195e-01
5.875165462493896484e-01	2.716942131519317627e-01	1.470339596271514893e-01
6.368196010589599609e-01	2.966648638248443604e-01	2.313171625137329102e-01
6.493226289749145508e-01	2.982631325721740723e-01	2.793751657009124756e-01
5.981400012969970703e-01	2.822946608066558838e-01	1.744305044412612915e-01
6.128190755844116211e-01	2.884470820426940918e-01	1.670790016651153564e-01
5.861361622810363770e-01	2.967820167541503906e-01	1.340162605047225952e-01
6.002161502838134766e-01	3.047514855861663818e-01	1.455972641706466675e-01
6.082237362861633301e-01	3.239379823207855225e-01	1.642701178789138794e-01
6.178910136222839355e-01	3.237670660018920898e-01	2.155932039022445679e-01
6.075206995010375977e-01	3.300643563270568848e-01	2.367103695869445801e-01
5.719150304794311523e-01	3.299099206924438477e-01	2.015484422445297241e-01
5.879547595977783203e-01	3.154621422290802002e-01	2.299374341964721680e-01
5.295340418815612793e-01	3.275622725486755371e-01	1.508074402809143066e-01
5.586443543434143066e-01	3.434500992298126221e-01	1.757893264293670654e-01
5.234182476997375488e-01	3.231576085090637207e-01	1.143799200654029846e-01
5.379589200019836426e-01	3.521165549755096436e-01	1.334617137908935547e-01
5.453991293907165527e-01	3.757803738117218018e-01	1.493632048368453979e-01
5.515661239624023438e-01	4.201239943504333496e-01	1.779324859380722046e-01
5.343633890151977539e-01	4.237037599086761475e-01	1.610248982906341553e-01
4.974198639392852783e-01	4.263034760951995850e-01	1.486451178789138794e-01
4.638828635215759277e-01	4.131024479866027832e-01	1.905390024185180664e-01
4.303323030471801758e-01	4.008154273033142090e-01	1.932199150323867798e-01
3.814020156860351562e-01	3.766973614692687988e-01	1.540462076663970947e-01
3.380222916603088379e-01	3.535703718662261963e-01	1.192479580640792847e-01
2.279850542545318604e-01	2.754858136177062988e-01	-1.671455986797809601e-02
2.212709784507751465e-01	2.928575575351715088e-01	-2.720861928537487984e-03
3.062448501586914062e-01	3.725131452083587646e-01	1.373521387577056885e-01
2.697369158267974854e-01	3.298888504505157471e-01	3.419417515397071838e-02
3.038839697837829590e-01	3.748373389244079590e-01	3.064499050378799438e-02
3.410662710666656494e-01	4.386492073535919189e-01	1.078999564051628113e-01
3.526163101196289062e-01	3.940016627311706543e-01	8.312332630157470703e-02
4.262463152408599854e-01	4.596568942070007324e-01	1.698100566864013672e-01
4.355732500553131104e-01	4.263313114643096924e-01	1.332702487707138062e-01
4.443637728691101074e-01	4.596390426158905029e-01	1.606887131929397583e-01
4.334333539009094238e-01	5.024828314781188965e-01	2.012637406587600708e-01
4.456143379211425781e-01	5.035784840583801270e-01	2.039866596460342407e-01
4.500394165515899658e-01	5.149610638618469238e-01	1.915106475353240967e-01
4.685422778129577637e-01	5.337501764297485352e-01	2.279377430677413940e-01
4.710322022438049316e-01	5.208520889282226562e-01	2.338776588439941406e-01
4.676808118820190430e-01	5.260690450668334961e-01	2.173419147729873657e-01
4.991797804832458496e-01	5.411509871482849121e-01	2.213925719261169434e-01
5.052016377449035645e-01	5.419689416885375977e-01	2.149902880191802979e-01
4.996271431446075439e-01	5.322365760803222656e-01	1.988389939069747925e-01
5.051739215850830078e-01	5.547856092453002930e-01	2.059696614742279053e-01
5.428903102874755859e-01	6.051735281944274902e-01	2.778885662555694580e-01
5.281860828399658203e-01	5.524562597274780273e-01	2.474806755781173706e-01
5.367116928100585938e-01	5.660744309425354004e-01	2.287841141223907471e-01
5.463183522224426270e-01	5.867931842803955078e-01	2.614787518978118896e-01
5.422551035881042480e-01	5.783288478851318359e-01	2.494235485792160034e-01
5.515106320381164551e-01	6.067651510238647461e-01	2.864716351032257080e-01
5.402088165283203125e-01	5.615490078926086426e-01	2.660613954067230225e-01
5.278169512748718262e-01	5.580834150314331055e-01	2.557570636272430420e-01
5.574034452438354492e-01	6.101734042167663574e-01	2.790294289588928223e-01
5.610304474830627441e-01	6.448691487312316895e-01	3.166188001632690430e-01
5.272235870361328125e-01	5.797957777976989746e-01	2.633566856384277344e-01
5.326254367828369141e-01	5.938708186149597168e-01	2.557037770748138428e-01
4.833924472332000732e-01	5.332444906234741211e-01	1.251950114965438843e-01
5.403634905815124512e-01	6.529920101165771484e-01	2.149971425533294678e-01
5.378528237342834473e-01	6.449011564254760742e-01	2.292409390211105347e-01
5.377371311187744141e-01	6.498875617980957031e-01	2.486883699893951416e-01
5.013078451156616211e-01	6.085186600685119629e-01	2.268212437629699707e-01
4.977732300758361816e-01	6.242089867591857910e-01	2.500254213809967041e-01
4.831244051456451416e-01	6.021630764007568359e-01	2.593013346195220947e-01
3.699600696563720703e-01	4.366377890110015869e-01	4.733943194150924683e-02
3.742784857749938965e-01	5.185939669609069824e-01	6.317710131406784058e-02
4.526024162769317627e-01	6.513745784759521484e-01	2.125737220048904419e-01
3.809516727924346924e-01	5.572007894515991211e-01	1.526960283517837524e-01
3.887368738651275635e-01	6.274694800376892090e-01	2.162016183137893677e-01
4.331780672073364258e-01	6.664064526557922363e-01	3.083686232566833496e-01
3.755516409873962402e-01	5.688855051994323730e-01	2.254131138324737549e-01
2.741545438766479492e-01	4.710234999656677246e-01	7.187219709157943726e-02
3.136925399303436279e-01	6.207799911499023438e-01	2.002525329589843750e-01
2.951084375381469727e-01	5.797523260116577148e-01	1.930354535579681396e-01
2.794795930385589600e-01	5.929579734802246094e-01	2.218020856380462646e-01
2.847466468811035156e-01	6.365445256233215332e-01	2.878829240798950195e-01
2.831805348396301270e-01	6.435885429382324219e-01	3.271332681179046631e-01
2.776980400085449219e-01	6.538708806037902832e-01	3.533729016780853271e-01
3.133970797061920166e-01	6.861582994461059570e-01	3.984169065952301025e-01
2.872386872768402100e-01	6.344776153564453125e-01	3.475684523582458496e-01
2.987799644470214844e-01	6.731467247009277344e-01	3.723449409008026123e-01
3.281129896640777588e-01	7.089718580245971680e-01	4.245969355106353760e-01
2.679611444473266602e-01	6.113339662551879883e-01	3.636214733123779297e-01
2.429001927375793457e-01	6.077097058296203613e-01	3.659279346466064453e-01
1.935192793607711792e-01	5.550403594970703125e-01	2.887914180755615234e-01
2.128227502107620239e-01	6.290498971939086914e-01	3.534184992313385010e-01
2.030418217182159424e-01	6.114120483398437500e-01	3.477632105350494385e-01
2.219325900077819824e-01	6.610016226768493652e-01	3.995498716831207275e-01
2.180561274290084839e-01	6.726426482200622559e-01	4.082100987434387207e-01
1.773946583271026611e-01	5.854680538177490234e-01	3.355745673179626465e-01
1.723539829254150391e-01	5.989564657211303711e-01	3.617646694183349609e-01
1.313023865222930908e-01	5.934116244316101074e-01	3.350241482257843018e-01
1.164269223809242249e-01	5.507055521011352539e-01	3.284682929515838623e-01
5.543103069067001343e-02	3.487839102745056152e-01	7.761666178703308105e-02
9.269535541534423828e-02	4.946022033691406250e-01	1.780630350112915039e-01
1.719869971275329590e-01	6.058902740478515625e-01	3.056814074516296387e-01
2.189533710479736328e-01	6.649234890937805176e-01	3.733982741832733154e-01
1.928976029157638550e-01	6.094443798065185547e-01	3.260057866573333740e-01
1.940895467996597290e-01	6.397778391838073730e-01	3.513132333755493164e-01
1.416906565427780151e-01	5.429124832153320312e-01	2.716740667819976807e-01
8.675343543291091919e-02	4.505775868892669678e-01	1.309336274862289429e-01
6.397759169340133667e-02	4.580979347229003906e-01	1.024407669901847839e-01
8.403091132640838623e-02	6.677736639976501465e-01	3.223907351493835449e-01
6.654604524374008179e-02	6.271533370018005371e-01	3.525437712669372559e-01
3.764536976814270020e-02	5.844551920890808105e-01	3.122805655002593994e-01
2.765530906617641449e-02	6.688923239707946777e-01	3.849151134490966797e-01
1.773895323276519775e-02	6.884298920631408691e-01	4.271580576896667480e-01
-3.210246330127120018e-03	6.089193224906921387e-01	3.647698462009429932e-01
-1.099104434251785278e-02	6.181806325912475586e-01	3.525516390800476074e-01
-1.912632212042808533e-02	6.689783930778503418e-01	3.934272527694702148e-01
-3.372272476553916931e-02	6.257326006889343262e-01	3.672590255737304688e-01
-3.647105768322944641e-02	6.362477540969848633e-01	3.626930415630340576e-01
-3.581163659691810608e-02	6.614340543746948242e-01	3.797682821750640869e-01
-2.197737060487270355e-02	6.374202966690063477e-01	3.395907580852508545e-01
-1.898658089339733124e-02	6.840257048606872559e-01	3.785306513309478760e-01
-2.334782853722572327e-02	6.622124314308166504e-01	3.580268919467926025e-01
-3.289236500859260559e-02	6.814577579498291016e-01	3.790176212787628174e-01
-2.210253290832042694e-02	6.618061661720275879e-01	3.557562530040740967e-01
-2.799298986792564392e-02	7.088136672973632812e-01	3.919487595558166504e-01
-4.967158287763595581e-02	7.047514915466308594e-01	3.840741813182830811e-01
-5.025103315711021423e-02	6.799421310424804688e-01	3.615193963050842285e-01
-5.951116606593132019e-02	5.734915137290954590e-01	2.515942752361297607e-01
-6.738781929016113281e-02	6.964309215545654297e-01	2.950077652931213379e-01
-8.502865582704544067e-02	6.923556923866271973e-01	2.687586247920989990e-01
-1.002909317612648010e-01	6.487371921539306641e-01	1.951100975275039673e-01
-9.972977638244628906e-02	6.678589582443237305e-01	2.359187155961990356e-01
-1.181045696139335632e-01	6.409345865249633789e-01	2.396850585937500000e-01
-1.200052499771118164e-01	5.941092371940612793e-01	2.129464298486709595e-01
-8.759425580501556396e-02	5.888837575912475586e-01	1.872678250074386597e-01
-4.865137115120887756e-02	3.784761726856231689e-01	-3.347508981823921204e-02
-1.434087753295898438e-02	6.987375617027282715e-01	1.472665816545486450e-01
-2.231972850859165192e-02	6.655281782150268555e-01	1.654191166162490845e-01
-1.435798034071922302e-02	6.597623825073242188e-01	1.694612801074981689e-01
-4.552689380943775177e-03	6.678717136383056641e-01	1.406069397926330566e-01
-1.601899042725563049e-03	6.858934164047241211e-01	1.078680828213691711e-01
-7.025131955742835999e-03	6.484100818634033203e-01	6.851672381162643433e-02
-2.949070185422897339e-03	6.572883725166320801e-01	4.926911368966102600e-02
-1.002563349902629852e-02	6.894202828407287598e-01	7.128102332353591919e-02
-1.252411771565675735e-02	6.703806519508361816e-01	6.749023497104644775e-02
-1.950892619788646698e-02	6.525402665138244629e-01	4.825199767947196960e-02
-1.304802671074867249e-02	6.531218886375427246e-01	2.953348495066165924e-02
-1.803651265799999237e-02	6.007219552993774414e-01	-1.153456047177314758e-02
-2.503919228911399841e-02	6.517851948738098145e-01	-1.412758231163024902e-02
-2.488058060407638550e-02	6.654014587402343750e-01	2.602658979594707489e-02
-2.380355075001716614e-02	6.671397686004638672e-01	5.422902852296829224e-02
-1.780603826045989990e-02	6.711919903755187988e-01	1.009179502725601196e-01
-2.142752334475517273e-02	6.328946948051452637e-01	1.207415536046028137e-01
-2.233640477061271667e-02	5.470960736274719238e-01	5.017852410674095154e-02
-2.997395582497119904e-02	4.433323144912719727e-01	-6.549561023712158203e-02
-4.995567351579666138e-02	6.920551657676696777e-01	8.950176835060119629e-02
-6.755486875772476196e-02	6.512147188186645508e-01	1.090196371078491211e-01
-9.792591631412506104e-02	6.686877608299255371e-01	1.584927588701248169e-01
-9.449613839387893677e-02	6.257228255271911621e-01	1.479839831590652466e-01
-1.077180728316307068e-01	6.197495460510253906e-01	1.593650132417678833e-01
-9.720136970281600952e-02	5.838151574134826660e-01	1.252919584512710571e-01
-1.035784035921096802e-01	5.812597274780273438e-01	1.105159893631935120e-01
-9.042580425739288330e-02	6.069641113281250000e-01	1.187519431114196777e-01
-9.657072275876998901e-02	6.260197162628173828e-01	1.361242085695266724e-01
-1.017720550298690796e-01	6.004296541213989258e-01	1.378941833972930908e-01
-1.090435907244682312e-01	6.024280786514282227e-01	1.388372182846069336e-01
-1.148732304573059082e-01	5.613410472869873047e-01	1.199660971760749817e-01
-1.158896088600158691e-01	6.053734421730041504e-01	1.456735283136367798e-01
-1.230487450957298279e-01	6.097094416618347168e-01	1.867355555295944214e-01
-1.378860920667648315e-01	6.182074546813964844e-01	2.219914346933364868e-01
-1.331312209367752075e-01	5.519516468048095703e-01	1.864607334136962891e-01
-1.444043070077896118e-01	5.933967232704162598e-01	2.022508382797241211e-01
-1.529571413993835449e-01	6.001291871070861816e-01	2.144082635641098022e-01
-1.659622341394424438e-01	5.514324903488159180e-01	1.981644630432128906e-01
-1.674225032329559326e-01	5.229439139366149902e-01	1.467384994029998779e-01
-1.836894899606704712e-01	5.703222751617431641e-01	1.783491075038909912e-01
-1.898719221353530884e-01	5.113543868064880371e-01	1.168041303753852844e-01
-1.659857183694839478e-01	5.078786611557006836e-01	7.553655654191970825e-02
-1.633429974317550659e-01	5.501801371574401855e-01	8.928419649600982666e-02
-1.627259999513626099e-01	5.561197400093078613e-01	1.262218058109283447e-01
-6.282379478216171265e-02	2.931805551052093506e-01	-7.457300275564193726e-02
-1.032569482922554016e-01	4.136531352996826172e-01	-1.277375034987926483e-02
-1.451150476932525635e-01	3.972339630126953125e-01	-3.334189578890800476e-02
-2.491316050291061401e-01	5.691660642623901367e-01	9.496448934078216553e-02
-2.780415713787078857e-01	6.134042739868164062e-01	1.639006435871124268e-01
-2.331747114658355713e-01	5.337948799133300781e-01	9.417890012264251709e-02
-2.678217589855194092e-01	5.784087777137756348e-01	1.474614739418029785e-01
-2.493875175714492798e-01	5.639168620109558105e-01	1.463546156883239746e-01
-1.871611326932907104e-01	4.076022803783416748e-01	1.246802043169736862e-03
-2.274434268474578857e-01	5.356574654579162598e-01	5.919858440756797791e-02
-3.373033404350280762e-01	6.192157864570617676e-01	1.844112277030944824e-01
-3.556365072727203369e-01	6.101539731025695801e-01	2.278214991092681885e-01
-3.853413462638854980e-01	6.319428086280822754e-01	2.693701684474945068e-01
-3.553150296211242676e-01	5.819751024246215820e-01	2.568885087966918945e-01
-4.194009304046630859e-01	6.337834000587463379e-01	3.219908475875854492e-01
-4.215260148048400879e-01	5.987044572830200195e-01	3.165625929832458496e-01
-4.073698818683624268e-01	5.897417068481445312e-01	3.218314349651336670e-01
-3.644430339336395264e-01	5.459596514701843262e-01	2.849711477756500244e-01
-3.528614342212677002e-01	5.267235040664672852e-01	2.502602338790893555e-01
-4.433621466159820557e-01	6.363501548767089844e-01	3.522954583168029785e-01
-4.183402955532073975e-01	5.604588985443115234e-01	3.086449205875396729e-01
-4.253999888896942139e-01	5.900158882141113281e-01	3.135204017162322998e-01
-4.418321847915649414e-01	5.941467285156250000e-01	3.134242296218872070e-01
-4.327208697795867920e-01	5.804629325866699219e-01	2.854693233966827393e-01
-4.654886424541473389e-01	6.072435379028320312e-01	3.111119568347930908e-01
-4.292600154876708984e-01	5.523297786712646484e-01	2.711355388164520264e-01
-4.886261522769927979e-01	6.191153526306152344e-01	3.300455212593078613e-01
-4.832153320312500000e-01	6.018754243850708008e-01	3.062998950481414795e-01
-5.026386976242065430e-01	6.767279505729675293e-01	3.576329648494720459e-01
-4.157537817955017090e-01	5.680739283561706543e-01	2.403187602758407593e-01
-4.361445009708404541e-01	6.194895505905151367e-01	2.613351047039031982e-01
-4.314801096916198730e-01	6.102395057678222656e-01	2.572504878044128418e-01
-4.379023015499114990e-01	6.232700347900390625e-01	2.552318274974822998e-01
-4.290010631084442139e-01	5.789173245429992676e-01	2.057884484529495239e-01
-5.310955643653869629e-01	6.967750787734985352e-01	2.989930510520935059e-01
-5.265621542930603027e-01	6.641992926597595215e-01	2.965697050094604492e-01
-5.420010685920715332e-01	6.784507632255554199e-01	3.176051676273345947e-01
-5.244167447090148926e-01	6.424352526664733887e-01	2.880686521530151367e-01
-5.459616184234619141e-01	6.747701168060302734e-01	3.126742243766784668e-01
-5.326501131057739258e-01	6.831514239311218262e-01	2.899742424488067627e-01
-5.644246339797973633e-01	7.017317414283752441e-01	3.130203187465667725e-01
-5.597604513168334961e-01	7.100272178649902344e-01	3.221617937088012695e-01
-5.780262351036071777e-01	7.278282046318054199e-01	3.430899083614349365e-01
-5.370511412620544434e-01	6.904339790344238281e-01	3.005707561969757080e-01
-5.385043621063232422e-01	7.046729326248168945e-01	2.863396406173706055e-01
-5.252193212509155273e-01	7.023836374282836914e-01	2.636422216892242432e-01
-5.295072793960571289e-01	7.226349711418151855e-01	2.699704170227050781e-01
-5.794299840927124023e-01	7.562509775161743164e-01	3.038839995861053467e-01
-5.264015197753906250e-01	6.719051003456115723e-01	2.257758975028991699e-01
-5.097323656082153320e-01	6.411071419715881348e-01	1.640150398015975952e-01
-5.402457118034362793e-01	7.028086185455322266e-01	1.921531856060028076e-01
-5.328553318977355957e-01	6.733904480934143066e-01	1.655393391847610474e-01
-5.308427214622497559e-01	6.542113423347473145e-01	1.116687580943107605e-01
-5.943978428840637207e-01	7.152045369148254395e-01	1.324853599071502686e-01
-5.686777830123901367e-01	6.819295883178710938e-01	8.258416503667831421e-02
-5.898325443267822266e-01	7.114729285240173340e-01	8.643535524606704712e-02
-5.983338952064514160e-01	7.139693498611450195e-01	1.144523844122886658e-01
-5.844129323959350586e-01	7.002882957458496094e-01	1.060585677623748779e-01
-6.120448708534240723e-01	7.217105627059936523e-01	1.351073533296585083e-01
-5.806514620780944824e-01	6.844708919525146484e-01	9.700048714876174927e-02
-6.142637133598327637e-01	7.218055129051208496e-01	9.197536110877990723e-02
-5.383995771408081055e-01	6.210502982139587402e-01	2.584032528102397919e-02
-6.157747507095336914e-01	6.840971112251281738e-01	6.408906728029251099e-02
-6.201025843620300293e-01	6.789106130599975586e-01	7.796680927276611328e-02
-6.225499510765075684e-01	6.720764040946960449e-01	8.495000004768371582e-02
-6.027756333351135254e-01	6.382517814636230469e-01	8.177282661199569702e-02
-5.502786040306091309e-01	5.728421807289123535e-01	3.520355373620986938e-02
-5.404357314109802246e-01	5.471429228782653809e-01	1.868852041661739349e-02
-5.554506182670593262e-01	5.330606698989868164e-01	-7.807539775967597961e-03
-5.909907221794128418e-01	5.680115818977355957e-01	-9.562775376252830029e-04
-5.832856893539428711e-01	5.700893402099609375e-01	3.990168217569589615e-03
-6.320502758026123047e-01	6.267160773277282715e-01	6.536679714918136597e-02
-6.195466518402099609e-01	6.020851135253906250e-01	8.616068214178085327e-02
-6.101025342941284180e-01	5.900552868843078613e-01	8.645559847354888916e-02
-6.014173030853271484e-01	5.659342408180236816e-01	8.515055477619171143e-02
-6.540544629096984863e-01	6.087990999221801758e-01	1.321730166673660278e-01
-6.152859926223754883e-01	5.385217070579528809e-01	9.776037186384201050e-02
-6.199348568916320801e-01	5.340594053268432617e-01	8.605176210403442383e-02
-5.993325114250183105e-01	4.874368607997894287e-01	5.281808972358703613e-02
-5.382810235023498535e-01	4.242038428783416748e-01	-5.979270674288272858e-03
-6.264088749885559082e-01	5.012534856796264648e-01	1.559364236891269684e-02
-6.138176321983337402e-01	4.940761625766754150e-01	-5.277063231915235519e-03
-5.907242298126220703e-01	4.921335577964782715e-01	-1.894431561231613159e-02
-6.474061608314514160e-01	5.417613983154296875e-01	-1.801143167540431023e-03
-5.942462086677551270e-01	4.929676055908203125e-01	-2.171725593507289886e-02
-5.484846830368041992e-01	4.524508118629455566e-01	-5.452745780348777771e-02
-6.499891877174377441e-01	5.318568944931030273e-01	-2.481465227901935577e-02
-6.556241512298583984e-01	5.345460176467895508e-01	-2.190777659416198730e-02
-6.342726945877075195e-01	5.052447319030761719e-01	-4.647144302725791931e-02
-6.339997649192810059e-01	5.127441883087158203e-01	-4.680351540446281433e-02
-6.647792458534240723e-01	5.343633890151977539e-01	-2.089251950383186340e-02
-6.152803897857666016e-01	4.758387506008148193e-01	-4.595536738634109497e-02
-6.492831707000732422e-01	5.034989714622497559e-01	-5.639794468879699707e-02
-6.555046439170837402e-01	5.152362585067749023e-01	-5.945217609405517578e-02
-6.411920785903930664e-01	5.040417313575744629e-01	-6.361894309520721436e-02
