1.525997519493103027e-01	4.636338651180267334e-01	-2.300330698490142822e-01
2.595295310020446777e-01	5.923423767089843750e-01	-1.948390156030654907e-01
1.509263962507247925e-01	5.813534855842590332e-01	-2.445181608200073242e-01
3.633067756891250610e-02	5.160760283470153809e-01	-3.245680034160614014e-01
2.082797884941101074e-01	6.313244700431823730e-01	-2.958083450794219971e-01
2.338710278272628784e-01	6.556723117828369141e-01	-2.662949860095977783e-01
1.315104067325592041e-01	6.448928713798522949e-01	-3.078440725803375244e-01
9.126251190900802612e-02	6.369886398315429688e-01	-2.829496264457702637e-01
-4.344111308455467224e-02	5.668253302574157715e-01	-3.642721176147460938e-01
-1.205857004970312119e-02	6.120915412902832031e-01	-3.341124057769775391e-01
6.374468654394149780e-02	6.291991472244262695e-01	-3.216633200645446777e-01
2.717425674200057983e-02	6.140282154083251953e-01	-3.402702510356903076e-01
-1.383229903876781464e-02	6.123307347297668457e-01	-3.593747913837432861e-01
-4.466127604246139526e-02	6.151592135429382324e-01	-3.598242700099945068e-01
-4.580716416239738464e-02	6.561591625213623047e-01	-3.423924446105957031e-01
-4.252689331769943237e-02	6.339751482009887695e-01	-3.149404525756835938e-01
-7.636889815330505371e-02	6.373465061187744141e-01	-3.347314000129699707e-01
-1.113942191004753113e-01	6.404379010200500488e-01	-3.267720341682434082e-01
-1.462609171867370605e-01	6.662660837173461914e-01	-3.261396884918212891e-01
-1.012429445981979370e-01	6.570454239845275879e-01	-3.402310013771057129e-01
2.777665853500366211e-02	7.222255468368530273e-01	-3.163428902626037598e-01
5.991656705737113953e-02	7.311427593231201172e-01	-3.224143683910369873e-01
-9.305709600448608398e-02	6.853901147842407227e-01	-3.777272999286651611e-01
-9.122691303491592407e-02	6.844121217727661133e-01	-3.479024469852447510e-01
-6.887942552566528320e-02	7.006866931915283203e-01	-3.550735116004943848e-01
-6.244660913944244385e-02	6.846836805343627930e-01	-3.887827396392822266e-01
-4.531795531511306763e-02	6.983156204223632812e-01	-3.682459294795989990e-01
-7.832489162683486938e-02	7.045691013336181641e-01	-3.276531994342803955e-01
-1.441983878612518311e-01	6.925011873245239258e-01	-2.559304237365722656e-01
-2.054225951433181763e-01	6.750102043151855469e-01	-2.552947103977203369e-01
-3.386422693729400635e-01	6.158227920532226562e-01	-2.401250004768371582e-01
-3.859772980213165283e-01	6.040561795234680176e-01	-2.376489639282226562e-01
-2.811534106731414795e-01	6.776835918426513672e-01	-2.519431412220001221e-01
-2.067077606916427612e-01	7.008415460586547852e-01	-2.557031214237213135e-01
-1.989653110504150391e-01	6.801607608795166016e-01	-2.831061482429504395e-01
-2.079296708106994629e-01	6.836134791374206543e-01	-2.945704460144042969e-01
-3.130227923393249512e-01	6.298657059669494629e-01	-3.071377575397491455e-01
-2.969363331794738770e-01	6.676623821258544922e-01	-2.687970995903015137e-01
-2.460381984710693359e-01	6.935478448867797852e-01	-2.181913554668426514e-01
-2.264778167009353638e-01	7.102068066596984863e-01	-1.650902330875396729e-01
-2.259473055601119995e-01	6.751025915145874023e-01	-1.344768106937408447e-01
-2.070986032485961914e-01	6.676521897315979004e-01	-1.194776594638824463e-01
-1.716450899839401245e-01	6.617898344993591309e-01	-1.271185278892517090e-01
-2.398883402347564697e-01	6.300368309020996094e-01	-1.755164861679077148e-01
-4.819661080837249756e-01	5.245058536529541016e-01	-2.818979620933532715e-01
-5.498085618019104004e-01	3.428351879119873047e-01	-3.731928765773773193e-01
-2.334980219602584839e-01	6.343727111816406250e-01	-2.259854972362518311e-01
-2.372641861438751221e-01	6.309524774551391602e-01	-1.908923238515853882e-01
-2.675042152404785156e-01	6.328603625297546387e-01	-1.700429767370223999e-01
-2.878310084342956543e-01	6.122637987136840820e-01	-1.327803730964660645e-01
-2.997077405452728271e-01	5.860964655876159668e-01	-1.265677511692047119e-01
-2.318406403064727783e-01	6.137931346893310547e-01	-9.256945550441741943e-02
-2.106875628232955933e-01	6.278508901596069336e-01	-5.326496437191963196e-02
-3.094324171543121338e-01	5.192416310310363770e-01	-1.462758779525756836e-01
-4.210508465766906738e-01	4.000685513019561768e-01	-2.537542879581451416e-01
-3.202168345451354980e-01	4.771402776241302490e-01	-2.250135540962219238e-01
-2.827225029468536377e-01	5.256133675575256348e-01	-2.058569788932800293e-01
-3.305235803127288818e-01	5.275889039039611816e-01	-1.746525615453720093e-01
-3.209432661533355713e-01	5.170308351516723633e-01	-1.632180809974670410e-01
-3.376964330673217773e-01	5.537785291671752930e-01	-1.215740889310836792e-01
-3.527955710887908936e-01	5.500366687774658203e-01	-9.122566878795623779e-02
-3.319313824176788330e-01	5.682414770126342773e-01	-9.793656319379806519e-02
-3.683573603630065918e-01	5.730536580085754395e-01	-7.912813127040863037e-02
-3.956600427627563477e-01	5.261491537094116211e-01	-7.575851678848266602e-02
-3.501022756099700928e-01	5.549480915069580078e-01	-4.028169065713882446e-02
-3.838481307029724121e-01	5.414088368415832520e-01	-5.221836641430854797e-02
-3.740187287330627441e-01	5.541176199913024902e-01	5.884775891900062561e-03
-4.128883183002471924e-01	5.228902101516723633e-01	-1.218391768634319305e-02
-3.839380145072937012e-01	5.087968111038208008e-01	2.704656450077891350e-03
-3.339607119560241699e-01	5.565160512924194336e-01	4.523532465100288391e-02
-3.924423456192016602e-01	5.023233294486999512e-01	3.180564194917678833e-02
-4.409388005733489990e-01	4.525971412658691406e-01	1.179666444659233093e-02
-4.062046110630035400e-01	4.603230357170104980e-01	2.064358256757259369e-02
-3.891599774360656738e-01	4.821508824825286865e-01	5.277756229043006897e-02
-3.711433112621307373e-01	4.887838065624237061e-01	1.142329070717096329e-02
-3.735659718513488770e-01	4.841873049736022949e-01	1.834501861594617367e-03
-4.457576274871826172e-01	3.881316483020782471e-01	-9.844188392162322998e-02
-4.188098609447479248e-01	4.308608770370483398e-01	-9.491262584924697876e-02
-4.786992967128753662e-01	3.889606893062591553e-01	-1.221062615513801575e-01
-4.444555044174194336e-01	5.003246665000915527e-01	-4.058073461055755615e-02
-4.816395044326782227e-01	5.309652090072631836e-01	-1.232373714447021484e-02
-5.095342397689819336e-01	5.971977114677429199e-01	3.812041506171226501e-02
-5.260719060897827148e-01	5.662895441055297852e-01	2.370757237076759338e-02
-5.235646367073059082e-01	5.901180505752563477e-01	7.299134135246276855e-02
-5.467786788940429688e-01	5.860081911087036133e-01	1.087157353758811951e-01
-5.483110547065734863e-01	5.510485172271728516e-01	1.200842633843421936e-01
-5.347656011581420898e-01	5.425312519073486328e-01	1.081610918045043945e-01
-5.113205313682556152e-01	5.898955464363098145e-01	9.800555557012557983e-02
-5.447369217872619629e-01	5.128185153007507324e-01	5.842889472842216492e-02
-5.917102694511413574e-01	4.963590800762176514e-01	5.064927414059638977e-02
-5.915893316268920898e-01	5.506420731544494629e-01	9.820159524679183960e-02
-5.693209171295166016e-01	5.864840149879455566e-01	1.267703324556350708e-01
-5.730538964271545410e-01	5.747933387756347656e-01	6.629151850938796997e-02
-5.509691238403320312e-01	5.519555211067199707e-01	3.389585018157958984e-02
-5.561602711677551270e-01	5.666050910949707031e-01	7.382664363831281662e-03
-5.620164275169372559e-01	5.131334066390991211e-01	-3.005107492208480835e-02
-5.793279409408569336e-01	5.178993940353393555e-01	-5.352169647812843323e-02
-5.922113656997680664e-01	4.892735481262207031e-01	-4.416365921497344971e-02
-5.394123792648315430e-01	5.444440245628356934e-01	3.163140639662742615e-02
-5.611490607261657715e-01	5.411381125450134277e-01	5.517843179404735565e-03
-5.750701427459716797e-01	5.285393595695495605e-01	-4.407235234975814819e-02
-5.800523757934570312e-01	5.117532014846801758e-01	-6.462850421667098999e-02
-5.758931636810302734e-01	5.054780244827270508e-01	-6.793265044689178467e-02
-5.665921568870544434e-01	5.221907496452331543e-01	-6.774464249610900879e-02
-6.375865340232849121e-01	4.629949033260345459e-01	-1.294528096914291382e-01
-6.434733271598815918e-01	3.941987156867980957e-01	-1.278026252985000610e-01
-5.932663679122924805e-01	4.935324490070343018e-01	-2.099394053220748901e-02
-5.879723429679870605e-01	4.705800414085388184e-01	2.587232738733291626e-03
-5.844887495040893555e-01	4.339380562305450439e-01	-2.142784558236598969e-02
-5.810697078704833984e-01	4.027386009693145752e-01	-1.184132136404514313e-02
-5.475484132766723633e-01	3.777759075164794922e-01	-7.600479293614625931e-03
-4.510516524314880371e-01	4.304925799369812012e-01	8.362987637519836426e-02
-4.771579504013061523e-01	3.655929267406463623e-01	-1.590100117027759552e-02
-5.237968564033508301e-01	2.066660672426223755e-01	-1.196931824088096619e-01
-5.114415884017944336e-01	2.483929097652435303e-01	-1.355515718460083008e-01
-5.220846533775329590e-01	2.811361849308013916e-01	-1.349107474088668823e-01
-5.580403804779052734e-01	2.286519855260848999e-01	-1.512911170721054077e-01
-5.335841178894042969e-01	3.238783776760101318e-01	-2.567165344953536987e-02
-5.423959493637084961e-01	3.185582160949707031e-01	-5.354021117091178894e-02
-5.354579687118530273e-01	2.906813919544219971e-01	-8.742304891347885132e-02
-5.586493015289306641e-01	2.783742845058441162e-01	-1.035063937306404114e-01
-5.770559906959533691e-01	2.369531840085983276e-01	-1.483438163995742798e-01
-5.543084144592285156e-01	2.858472168445587158e-01	-8.700674027204513550e-02
-5.501514673233032227e-01	2.815590500831604004e-01	-1.117642521858215332e-01
-5.354168415069580078e-01	3.224941790103912354e-01	-8.830451965332031250e-02
-5.748481154441833496e-01	3.039528429508209229e-01	-8.208477497100830078e-02
-5.664794445037841797e-01	3.098191022872924805e-01	-8.689001947641372681e-02
-5.353788733482360840e-01	2.786251008510589600e-01	-8.136300742626190186e-02
-5.480214953422546387e-01	2.845556139945983887e-01	-1.218696832656860352e-01
-5.429139733314514160e-01	2.901968657970428467e-01	-1.349312514066696167e-01
-5.254475474357604980e-01	2.661033868789672852e-01	-1.464132070541381836e-01
-5.216441750526428223e-01	2.894484996795654297e-01	-1.297760605812072754e-01
-5.212723612785339355e-01	3.204612135887145996e-01	-1.105035319924354553e-01
-5.633618831634521484e-01	3.076069951057434082e-01	-1.457337290048599243e-01
-5.221706628799438477e-01	3.008777201175689697e-01	-1.415131539106369019e-01
-5.471860766410827637e-01	2.752401828765869141e-01	-1.790710538625717163e-01
-5.371945500373840332e-01	3.118725717067718506e-01	-2.313939034938812256e-01
-5.862296819686889648e-01	2.333521991968154907e-01	-2.639478743076324463e-01
-5.522194504737854004e-01	2.988188862800598145e-01	-2.059652805328369141e-01
-5.936523675918579102e-01	2.601818144321441650e-01	-2.270543426275253296e-01
-5.819535255432128906e-01	2.354243546724319458e-01	-1.652673333883285522e-01
-5.378754734992980957e-01	2.400652170181274414e-01	-1.019080355763435364e-01
-5.637959241867065430e-01	2.747557759284973145e-01	-2.270304225385189056e-02
-5.473667383193969727e-01	3.048858046531677246e-01	-2.876862883567810059e-02
-5.523708462715148926e-01	2.763450741767883301e-01	-1.156459748744964600e-01
-5.613782405853271484e-01	1.883508861064910889e-01	-2.124096304178237915e-01
-5.923033952713012695e-01	9.365411847829818726e-02	-3.063769936561584473e-01
-5.454733967781066895e-01	8.009388297796249390e-02	-3.357558250427246094e-01
-5.125997066497802734e-01	1.905572265386581421e-01	-3.193782866001129150e-01
-5.161482691764831543e-01	2.647560238838195801e-01	-2.757875919342041016e-01
-5.670040845870971680e-01	2.380351573228836060e-01	-2.736198306083679199e-01
-5.205098390579223633e-01	2.625249922275543213e-01	-3.182282447814941406e-01
-5.226187109947204590e-01	2.477457672357559204e-01	-3.337993621826171875e-01
-5.283750295639038086e-01	2.601097226142883301e-01	-3.699105978012084961e-01
-5.257645249366760254e-01	2.587891519069671631e-01	-3.899087011814117432e-01
-5.343666076660156250e-01	2.274957746267318726e-01	-4.186788797378540039e-01
-5.341292023658752441e-01	2.294631749391555786e-01	-4.509736001491546631e-01
-5.173320770263671875e-01	2.915111780166625977e-01	-4.323079288005828857e-01
-5.222750902175903320e-01	2.658161520957946777e-01	-4.758119881153106689e-01
-5.373184084892272949e-01	2.726745605468750000e-01	-4.747972786426544189e-01
-5.162501335144042969e-01	3.031875193119049072e-01	-4.694147109985351562e-01
-5.182669162750244141e-01	2.677828967571258545e-01	-4.782028198242187500e-01
-5.293919444084167480e-01	2.789243757724761963e-01	-4.847407341003417969e-01
-5.208513140678405762e-01	2.871694564819335938e-01	-5.198802351951599121e-01
-5.383702516555786133e-01	2.784192562103271484e-01	-5.404514074325561523e-01
-5.402775406837463379e-01	2.846740782260894775e-01	-5.671755671501159668e-01
-5.336539149284362793e-01	2.771415114402770996e-01	-5.879419445991516113e-01
-5.285971164703369141e-01	2.885299921035766602e-01	-5.829094648361206055e-01
-5.168193578720092773e-01	2.865719795227050781e-01	-5.940939784049987793e-01
-5.350381135940551758e-01	2.622863054275512695e-01	-6.112302541732788086e-01
-5.193824768066406250e-01	2.990853786468505859e-01	-6.186763644218444824e-01
-5.181295275688171387e-01	2.789520323276519775e-01	-6.166858673095703125e-01
-5.225212574005126953e-01	2.818785309791564941e-01	-6.546134352684020996e-01
-5.139407515525817871e-01	2.673035264015197754e-01	-6.356057524681091309e-01
-5.352986454963684082e-01	2.745570838451385498e-01	-6.604495048522949219e-01
-5.269141197204589844e-01	2.680397033691406250e-01	-6.645871996879577637e-01
-5.390825867652893066e-01	2.699550092220306396e-01	-6.690231561660766602e-01
-5.489550828933715820e-01	2.524777948856353760e-01	-6.644560098648071289e-01
-5.187923312187194824e-01	2.574270665645599365e-01	-6.346818208694458008e-01
-5.125572681427001953e-01	2.687157988548278809e-01	-6.179533004760742188e-01
-5.249829292297363281e-01	2.713005840778350830e-01	-6.438875794410705566e-01
-5.284684896469116211e-01	2.252915948629379272e-01	-6.487320661544799805e-01
-5.369102358818054199e-01	2.058103382587432861e-01	-6.677590608596801758e-01
-5.210505723953247070e-01	2.147186249494552612e-01	-6.255950331687927246e-01
-5.284308195114135742e-01	2.280240058898925781e-01	-6.402369141578674316e-01
-5.209412574768066406e-01	1.919103413820266724e-01	-6.375788450241088867e-01
-5.183599591255187988e-01	1.777761578559875488e-01	-6.328865885734558105e-01
-5.165243148803710938e-01	1.407742202281951904e-01	-6.291183829307556152e-01
-5.111921429634094238e-01	1.577433347702026367e-01	-6.188788414001464844e-01
-5.613151192665100098e-01	1.261658072471618652e-01	-6.534687876701354980e-01
-5.139930248260498047e-01	1.391810923814773560e-01	-5.800445675849914551e-01
-5.060502886772155762e-01	1.277104020118713379e-01	-5.759091973304748535e-01
-5.242800116539001465e-01	8.130702376365661621e-02	-6.072624921798706055e-01
-5.320671200752258301e-01	1.076646149158477783e-01	-6.197645664215087891e-01
-5.483147501945495605e-01	8.568539470434188843e-02	-6.219933032989501953e-01
-5.370365977287292480e-01	1.011283025145530701e-01	-6.233701109886169434e-01
-4.940018653869628906e-01	1.586934179067611694e-01	-5.258988738059997559e-01
-5.404418110847473145e-01	1.188909411430358887e-01	-6.098734736442565918e-01
-5.329226851463317871e-01	8.214802294969558716e-02	-6.169335842132568359e-01
-5.325822234153747559e-01	7.186859846115112305e-02	-6.480777859687805176e-01
-5.377914905548095703e-01	2.860722877085208893e-02	-6.548466682434082031e-01
-5.235554575920104980e-01	3.427119925618171692e-02	-6.503805518150329590e-01
-5.140166878700256348e-01	1.732155494391918182e-02	-5.955496430397033691e-01
-4.983356893062591553e-01	9.783062152564525604e-03	-5.821720957756042480e-01
-5.504713654518127441e-01	1.959452405571937561e-02	-6.363105177879333496e-01
-4.951279759407043457e-01	2.420879341661930084e-02	-5.514170527458190918e-01
-5.408439636230468750e-01	4.282232001423835754e-02	-5.864589214324951172e-01
-5.360119938850402832e-01	2.418192289769649506e-02	-5.904290676116943359e-01
-5.262228846549987793e-01	2.844126708805561066e-02	-5.907388329505920410e-01
-5.394249558448791504e-01	-3.982991911470890045e-03	-5.809151530265808105e-01
-5.495740771293640137e-01	-1.401738170534372330e-02	-5.601696372032165527e-01
-5.196630358695983887e-01	2.698866836726665497e-02	-5.318248271942138672e-01
-5.207250714302062988e-01	1.555839832872152328e-02	-5.269113779067993164e-01
-5.138002038002014160e-01	-3.340608254075050354e-02	-4.948721528053283691e-01
-5.285179615020751953e-01	-2.485194243490695953e-02	-4.855611026287078857e-01
-5.115350484848022461e-01	1.084200572222471237e-02	-4.910492002964019775e-01
-5.091917514801025391e-01	-2.042639441788196564e-02	-5.069057941436767578e-01
-5.160787105560302734e-01	-1.084453240036964417e-02	-5.320960283279418945e-01
-5.780867934226989746e-01	-4.573025181889533997e-02	-5.681233406066894531e-01
-5.425496697425842285e-01	-6.456832587718963623e-02	-5.372964739799499512e-01
-5.338597893714904785e-01	-1.038001403212547302e-01	-5.107038617134094238e-01
-5.085204839706420898e-01	-1.326642781496047974e-01	-4.957009553909301758e-01
-4.998182952404022217e-01	-1.674914509057998657e-01	-4.867399632930755615e-01
-5.103175640106201172e-01	-1.370473653078079224e-01	-5.197306871414184570e-01
-5.208020806312561035e-01	-1.057851836085319519e-01	-5.340744853019714355e-01
-5.245611667633056641e-01	-1.276337802410125732e-01	-5.616005659103393555e-01
-5.110315084457397461e-01	-1.915533989667892456e-01	-5.447028875350952148e-01
-5.330293178558349609e-01	-1.832821667194366455e-01	-5.496292710304260254e-01
-5.018968582153320312e-01	-1.983643919229507446e-01	-5.247430801391601562e-01
-5.019109845161437988e-01	-2.345199733972549438e-01	-5.126287937164306641e-01
-5.078831315040588379e-01	-2.432326972484588623e-01	-4.976581037044525146e-01
-5.155042409896850586e-01	-2.195502966642379761e-01	-5.155022740364074707e-01
-5.249608159065246582e-01	-2.275551110506057739e-01	-5.238259434700012207e-01
-5.157619118690490723e-01	-2.451902031898498535e-01	-5.340549349784851074e-01
-5.324865579605102539e-01	-2.272099405527114868e-01	-5.285856127738952637e-01
-5.072723031044006348e-01	-2.211293578147888184e-01	-5.178436040878295898e-01
-5.184084177017211914e-01	-2.056837230920791626e-01	-5.329115986824035645e-01
-4.991870224475860596e-01	-2.306549549102783203e-01	-4.878206849098205566e-01
-4.967465102672576904e-01	-1.751598268747329712e-01	-4.821594953536987305e-01
-5.400751233100891113e-01	-1.525539606809616089e-01	-4.912236332893371582e-01
-5.022747516632080078e-01	-2.169432789087295532e-01	-4.774771630764007568e-01
-5.021014809608459473e-01	-2.538923323154449463e-01	-4.938549995422363281e-01
-5.128191709518432617e-01	-2.093928456306457520e-01	-4.917415678501129150e-01
-5.278528928756713867e-01	-1.797986030578613281e-01	-5.119727849960327148e-01
-5.095314383506774902e-01	-2.891943454742431641e-01	-4.992634356021881104e-01
-5.176269412040710449e-01	-3.880437910556793213e-01	-5.029841065406799316e-01
-5.147217512130737305e-01	-3.870431482791900635e-01	-4.547234475612640381e-01
-5.010280013084411621e-01	-4.667585194110870361e-01	-4.373662173748016357e-01
-5.062842369079589844e-01	-4.543865621089935303e-01	-4.361674785614013672e-01
-5.141015648841857910e-01	-4.128541648387908936e-01	-4.433671236038208008e-01
-5.111781954765319824e-01	-3.508047163486480713e-01	-4.251021742820739746e-01
-4.985705912113189697e-01	-4.037818014621734619e-01	-4.663371741771697998e-01
-5.213800072669982910e-01	-3.794454634189605713e-01	-4.869489967823028564e-01
-5.243470072746276855e-01	-3.214586675167083740e-01	-5.049678087234497070e-01
-5.100640058517456055e-01	-3.814752101898193359e-01	-4.912021756172180176e-01
-5.060731768608093262e-01	-3.420505225658416748e-01	-5.138536095619201660e-01
-5.061021447181701660e-01	-4.158859252929687500e-01	-5.061603784561157227e-01
-5.291801095008850098e-01	-3.632549047470092773e-01	-4.581297934055328369e-01
-5.143302083015441895e-01	-4.540549516677856445e-01	-4.277428686618804932e-01
-5.123394131660461426e-01	-4.961907565593719482e-01	-4.152642190456390381e-01
-5.152730941772460938e-01	-4.879769980907440186e-01	-4.163582324981689453e-01
-5.014144778251647949e-01	-5.252730250358581543e-01	-3.654132783412933350e-01
-5.009152889251708984e-01	-4.796768724918365479e-01	-3.870409727096557617e-01
-5.087800025939941406e-01	-5.764169096946716309e-01	-3.769784867763519287e-01
-5.002586841583251953e-01	-6.349206566810607910e-01	-3.539182245731353760e-01
-4.907666742801666260e-01	-6.133285164833068848e-01	-2.878460586071014404e-01
-5.012974739074707031e-01	-7.065625190734863281e-01	-2.673404514789581299e-01
-5.108280181884765625e-01	-6.177476048469543457e-01	-2.907553017139434814e-01
-5.059061050415039062e-01	-5.522513389587402344e-01	-2.831267416477203369e-01
-5.043039917945861816e-01	-6.451842188835144043e-01	-2.476522177457809448e-01
-5.016466379165649414e-01	-6.768518686294555664e-01	-2.311035245656967163e-01
-5.041084289550781250e-01	-6.997017264366149902e-01	-1.912433356046676636e-01
-5.055829286575317383e-01	-6.966128945350646973e-01	-1.705288439989089966e-01
-4.794162511825561523e-01	-6.285948753356933594e-01	-2.183053046464920044e-01
-4.834845662117004395e-01	-6.239501237869262695e-01	-2.279068976640701294e-01
-4.794549047946929932e-01	-5.948812365531921387e-01	-1.979995518922805786e-01
-4.976100325584411621e-01	-6.502562761306762695e-01	-1.498807817697525024e-01
-5.055991411209106445e-01	-6.471534967422485352e-01	-1.383553594350814819e-01
-4.943803250789642334e-01	-6.089527010917663574e-01	-1.144070848822593689e-01
-5.143623352050781250e-01	-6.689385175704956055e-01	-8.854475617408752441e-02
-4.952297508716583252e-01	-6.900970339775085449e-01	-4.789335653185844421e-02
-4.688363969326019287e-01	-6.842363476753234863e-01	-2.956693433225154877e-02
-4.904571175575256348e-01	-7.098377346992492676e-01	1.023592706769704819e-02
-4.348411858081817627e-01	-5.801480412483215332e-01	-3.217149525880813599e-02
-4.246351420879364014e-01	-5.630850791931152344e-01	-4.820768162608146667e-02
-4.605604112148284912e-01	-5.169464349746704102e-01	-1.492962241172790527e-01
-4.790655076503753662e-01	-3.838370144367218018e-01	-2.225222140550613403e-01
-4.908232688903808594e-01	-6.221040487289428711e-01	-5.556350201368331909e-02
-4.724939167499542236e-01	-6.491616964340209961e-01	-1.017062575556337833e-03
-4.789843261241912842e-01	-6.984222531318664551e-01	2.123307436704635620e-02
-4.432809054851531982e-01	-7.148020863533020020e-01	1.951179094612598419e-02
-4.386197030544281006e-01	-7.234724760055541992e-01	-1.277866400778293610e-02
-4.349314570426940918e-01	-6.512211561203002930e-01	-6.289406865835189819e-02
-4.464310109615325928e-01	-4.690154194831848145e-01	-1.805154532194137573e-01
-4.308036267757415771e-01	-5.738173723220825195e-01	-1.130176186561584473e-01
-4.780296981334686279e-01	-7.301371097564697266e-01	-1.854407601058483124e-02
-4.767530262470245361e-01	-7.978263497352600098e-01	5.652887374162673950e-02
-4.654973745346069336e-01	-7.372836470603942871e-01	7.479455322027206421e-02
-4.677063226699829102e-01	-7.829625010490417480e-01	1.211965680122375488e-01
-4.356676340103149414e-01	-7.401455640792846680e-01	1.310661584138870239e-01
-4.550095498561859131e-01	-7.832040190696716309e-01	1.732105612754821777e-01
-4.034816920757293701e-01	-7.375642657279968262e-01	1.604394167661666870e-01
-4.330628216266632080e-01	-7.434725165367126465e-01	1.633515954017639160e-01
-3.867373168468475342e-01	-7.652593255043029785e-01	1.382260173559188843e-01
-3.584521412849426270e-01	-7.615807056427001953e-01	1.167098283767700195e-01
-4.058941304683685303e-01	-5.406000018119812012e-01	-4.445984587073326111e-02
-4.053888320922851562e-01	-6.402009129524230957e-01	-3.685936704277992249e-02
-4.229742884635925293e-01	-7.263763546943664551e-01	4.249520134180784225e-03
-3.846894204616546631e-01	-5.674190521240234375e-01	-7.686010003089904785e-02
-4.161484837532043457e-01	-7.826762795448303223e-01	7.016713172197341919e-02
-3.962701261043548584e-01	-7.173866629600524902e-01	7.521201670169830322e-02
-3.946707248687744141e-01	-8.024835586547851562e-01	1.401185393333435059e-01
-3.669345378875732422e-01	-7.790370583534240723e-01	1.412260532379150391e-01
-3.759668171405792236e-01	-6.840984225273132324e-01	7.433213293552398682e-02
-3.259950876235961914e-01	-7.123832106590270996e-01	6.879733502864837646e-02
-2.934048771858215332e-01	-5.650413632392883301e-01	9.579706005752086639e-03
-2.762277126312255859e-01	-5.796121358871459961e-01	6.521969567984342575e-03
-2.858919799327850342e-01	-7.389082908630371094e-01	7.918852567672729492e-02
-3.153865039348602295e-01	-7.877537012100219727e-01	1.176251769065856934e-01
-2.916401624679565430e-01	-8.568542599678039551e-01	1.660579293966293335e-01
-2.701633870601654053e-01	-8.675457239151000977e-01	2.060792148113250732e-01
-2.480899244546890259e-01	-8.576936721801757812e-01	2.224088162183761597e-01
-2.093924134969711304e-01	-8.088924288749694824e-01	2.126031517982482910e-01
-1.856570094823837280e-01	-8.018478155136108398e-01	2.269098907709121704e-01
-1.781609058380126953e-01	-8.064884543418884277e-01	2.226417213678359985e-01
-2.058522701263427734e-01	-8.389881849288940430e-01	2.394949644804000854e-01
-2.961798906326293945e-01	-4.089910984039306641e-01	-7.287367433309555054e-02
-1.788838654756546021e-01	-5.593656301498413086e-01	-2.424534410238265991e-02
-5.556870624423027039e-02	-8.165383934974670410e-01	1.098084226250648499e-01
-1.004013568162918091e-01	-7.576301097869873047e-01	2.272142283618450165e-02
-1.336001604795455933e-02	-8.630737066268920898e-01	1.095834895968437195e-01
-1.898515038192272186e-02	-8.521122932434082031e-01	1.078340709209442139e-01
-4.269749298691749573e-02	-8.666504025459289551e-01	1.060277298092842102e-01
-7.536201924085617065e-02	-8.691430091857910156e-01	1.023577079176902771e-01
-1.155994608998298645e-01	-8.611628413200378418e-01	1.000817269086837769e-01
-4.220725968480110168e-02	-9.017784595489501953e-01	1.353705972433090210e-01
-1.642392389476299286e-02	-8.643473386764526367e-01	1.305400729179382324e-01
-4.458441399037837982e-03	-9.033259153366088867e-01	1.675016731023788452e-01
-3.271481953561306000e-03	-8.603599667549133301e-01	1.438053399324417114e-01
2.108185319229960442e-03	-8.596670627593994141e-01	1.231164187192916870e-01
7.288741413503885269e-03	-8.203318715095520020e-01	7.169043272733688354e-02
3.360305726528167725e-02	-8.002237677574157715e-01	2.647469937801361084e-02
1.240299921482801437e-02	-7.746292948722839355e-01	-1.552808564156293869e-02
7.213764823973178864e-03	-8.361783027648925781e-01	1.980555430054664612e-02
-2.939493395388126373e-02	-8.438821434974670410e-01	1.658729836344718933e-02
6.010635290294885635e-03	-8.869038820266723633e-01	3.056820295751094818e-02
-7.505855988711118698e-03	-8.448620438575744629e-01	2.130069304257631302e-03
1.248751673847436905e-02	-8.897485733032226562e-01	6.850530207157135010e-02
-2.296017669141292572e-02	-9.041029214859008789e-01	8.977197855710983276e-02
-5.818480253219604492e-02	-8.001959919929504395e-01	6.385669112205505371e-02
7.145148701965808868e-04	-8.550446033477783203e-01	1.088360399007797241e-01
7.773658633232116699e-02	-9.234119653701782227e-01	2.146330177783966064e-01
9.034182131290435791e-02	-9.114171862602233887e-01	1.946015954017639160e-01
5.350323393940925598e-02	-8.752606511116027832e-01	1.286166161298751831e-01
9.195195883512496948e-02	-8.823453783988952637e-01	1.941833794116973877e-01
1.050781011581420898e-01	-9.099125862121582031e-01	2.105990499258041382e-01
3.352662548422813416e-02	-8.770547509193420410e-01	1.895035654306411743e-01
3.703823778778314590e-03	-8.634800314903259277e-01	1.746402382850646973e-01
-3.884231438860297203e-03	-9.132706522941589355e-01	2.228741496801376343e-01
-1.069255080074071884e-02	-9.119111299514770508e-01	2.343268692493438721e-01
-3.436153009533882141e-02	-8.317466378211975098e-01	1.753077507019042969e-01
6.985655054450035095e-03	-8.573253750801086426e-01	2.010254412889480591e-01
6.668413430452346802e-02	-8.870875239372253418e-01	2.517058253288269043e-01
9.630384296178817749e-02	-9.234943985939025879e-01	2.940959632396697998e-01
3.934586048126220703e-02	-8.888455629348754883e-01	2.578712999820709229e-01
1.944282464683055878e-02	-8.721135258674621582e-01	2.561413943767547607e-01
-8.553264662623405457e-03	-8.365741372108459473e-01	2.142143249511718750e-01
-1.279124990105628967e-02	-8.037468791007995605e-01	1.931824833154678345e-01
8.017114549875259399e-02	-8.928412199020385742e-01	2.758417129516601562e-01
1.225635558366775513e-01	-9.162126779556274414e-01	3.219935297966003418e-01
1.078978925943374634e-01	-8.654010295867919922e-01	2.915606200695037842e-01
1.442883908748626709e-01	-8.807113170623779297e-01	3.014156520366668701e-01
1.789915263652801514e-01	-9.063329100608825684e-01	3.112317621707916260e-01
2.147952616214752197e-01	-9.161921739578247070e-01	3.383118510246276855e-01
2.101593315601348877e-01	-8.861524462699890137e-01	3.212910294532775879e-01
1.991455256938934326e-01	-8.560061454772949219e-01	2.784940302371978760e-01
2.139243781566619873e-01	-8.679020404815673828e-01	2.888428568840026855e-01
1.779753267765045166e-01	-8.252348303794860840e-01	2.382337301969528198e-01
1.707008183002471924e-01	-7.616144418716430664e-01	2.104468941688537598e-01
2.075776159763336182e-01	-8.007472753524780273e-01	2.346496880054473877e-01
2.049535512924194336e-01	-8.103322982788085938e-01	2.151532769203186035e-01
1.023090332746505737e-01	-6.621568799018859863e-01	1.211004033684730530e-01
1.913663893938064575e-01	-8.137531280517578125e-01	2.528539597988128662e-01
2.242152690887451172e-01	-8.200371861457824707e-01	2.826024889945983887e-01
2.058042138814926147e-01	-8.061884641647338867e-01	2.184151113033294678e-01
2.153237611055374146e-01	-7.942981123924255371e-01	1.950512975454330444e-01
2.078361362218856812e-01	-8.318458795547485352e-01	2.559283375740051270e-01
2.098268717527389526e-01	-7.708510160446166992e-01	2.072576582431793213e-01
2.354843914508819580e-01	-8.150827884674072266e-01	2.243727147579193115e-01
2.438825368881225586e-01	-8.196187615394592285e-01	2.414819300174713135e-01
2.860913574695587158e-01	-8.401142358779907227e-01	2.701867818832397461e-01
2.446916401386260986e-01	-7.160294055938720703e-01	1.998313069343566895e-01
1.978984624147415161e-01	-7.250462770462036133e-01	1.873395889997482300e-01
1.369967460632324219e-01	-6.187711954116821289e-01	1.274236142635345459e-01
1.683397740125656128e-01	-6.717787384986877441e-01	1.213108375668525696e-01
1.888562589883804321e-01	-7.182714939117431641e-01	1.522936969995498657e-01
2.566513121128082275e-01	-8.052694797515869141e-01	2.098779678344726562e-01
2.570607960224151611e-01	-7.679371237754821777e-01	1.921819746494293213e-01
2.420194298028945923e-01	-7.393968701362609863e-01	1.639384180307388306e-01
2.167598009109497070e-01	-6.993865370750427246e-01	1.212599575519561768e-01
1.544557362794876099e-01	-5.893107652664184570e-01	8.366744965314865112e-02
1.907746642827987671e-01	-6.425766944885253906e-01	1.433845758438110352e-01
1.815916746854782104e-01	-6.908203959465026855e-01	1.617890000343322754e-01
2.176235765218734741e-01	-6.993028521537780762e-01	1.571828722953796387e-01
2.375054210424423218e-01	-7.148889303207397461e-01	1.804318726062774658e-01
2.815983593463897705e-01	-7.674703598022460938e-01	2.134362608194351196e-01
2.876874804496765137e-01	-7.726534605026245117e-01	2.391321659088134766e-01
2.998903393745422363e-01	-7.611089348793029785e-01	2.620587944984436035e-01
1.722655147314071655e-01	-5.330694317817687988e-01	1.005741134285926819e-01
2.538119554519653320e-01	-6.215413808822631836e-01	1.758539825677871704e-01
2.167053073644638062e-01	-6.186780333518981934e-01	1.056595370173454285e-01
2.009997218847274780e-01	-6.249282956123352051e-01	9.199481457471847534e-02
1.415270417928695679e-01	-5.586678385734558105e-01	7.205367088317871094e-02
8.805134147405624390e-02	-5.284994840621948242e-01	-1.967538148164749146e-02
2.594020068645477295e-01	-7.518761157989501953e-01	1.496963649988174438e-01
2.657818496227264404e-01	-7.215324640274047852e-01	1.718697249889373779e-01
3.033968210220336914e-01	-7.512773871421813965e-01	2.369355857372283936e-01
2.725002169609069824e-01	-7.128820419311523438e-01	2.025080472230911255e-01
2.734692990779876709e-01	-7.147500514984130859e-01	2.543290853500366211e-01
2.099878638982772827e-01	-5.836036205291748047e-01	1.591927856206893921e-01
-2.554908208549022675e-02	-3.133349716663360596e-01	-7.233943045139312744e-02
1.083443537354469299e-01	-4.872177541255950928e-01	4.327515140175819397e-02
2.426068037748336792e-01	-7.178711295127868652e-01	2.098902463912963867e-01
2.038487344980239868e-01	-6.698361635208129883e-01	1.793146133422851562e-01
2.336179018020629883e-01	-7.094391584396362305e-01	2.280170768499374390e-01
2.883559167385101318e-01	-7.680987119674682617e-01	2.810792326927185059e-01
2.516860365867614746e-01	-6.883021593093872070e-01	2.342902123928070068e-01
2.400905191898345947e-01	-6.909077167510986328e-01	2.236560434103012085e-01
1.853293925523757935e-01	-6.033188700675964355e-01	1.545305550098419189e-01
1.624270230531692505e-01	-5.455806255340576172e-01	1.028956398367881775e-01
2.151805460453033447e-01	-6.112049221992492676e-01	1.389984190464019775e-01
1.898381859064102173e-01	-6.176421642303466797e-01	1.069249212741851807e-01
2.442782819271087646e-01	-6.584286093711853027e-01	1.518430411815643311e-01
1.790605783462524414e-01	-5.828547477722167969e-01	8.404756337404251099e-02
2.354322671890258789e-01	-6.373600959777832031e-01	1.920030713081359863e-01
2.875303626060485840e-01	-6.490425467491149902e-01	2.455393970012664795e-01
2.204819619655609131e-01	-5.292082428932189941e-01	1.989563256502151489e-01
2.770765423774719238e-01	-5.977559685707092285e-01	2.424874007701873779e-01
3.256068527698516846e-01	-6.689185500144958496e-01	3.033884763717651367e-01
2.550223469734191895e-01	-5.887677073478698730e-01	2.263736873865127563e-01
2.911874055862426758e-01	-6.368941068649291992e-01	2.522796988487243652e-01
2.944269180297851562e-01	-6.396754980087280273e-01	2.647541165351867676e-01
3.024591803550720215e-01	-6.853687763214111328e-01	2.823832631111145020e-01
3.276105225086212158e-01	-6.866000294685363770e-01	2.988675236701965332e-01
3.283039629459381104e-01	-6.981262564659118652e-01	3.045935928821563721e-01
3.039582073688507080e-01	-6.330782771110534668e-01	2.706653475761413574e-01
3.536556363105773926e-01	-7.004509568214416504e-01	3.153630197048187256e-01
3.466477990150451660e-01	-7.270379662513732910e-01	3.307439982891082764e-01
3.187301754951477051e-01	-6.405240893363952637e-01	2.918851971626281738e-01
3.548656702041625977e-01	-6.845412850379943848e-01	3.227559030055999756e-01
3.569505810737609863e-01	-6.659509539604187012e-01	3.620419204235076904e-01
3.482553958892822266e-01	-6.621670126914978027e-01	3.387261927127838135e-01
3.537004888057708740e-01	-6.585146188735961914e-01	3.253213167190551758e-01
2.840938270092010498e-01	-5.615339875221252441e-01	2.210265249013900757e-01
3.107086420059204102e-01	-5.692971944808959961e-01	2.031171768903732300e-01
3.029620647430419922e-01	-5.887851119041442871e-01	1.658350378274917603e-01
2.760704159736633301e-01	-5.534058213233947754e-01	1.353104412555694580e-01
2.092337906360626221e-01	-4.398069083690643311e-01	5.388339981436729431e-02
2.869825065135955811e-01	-5.447002649307250977e-01	1.234016120433807373e-01
3.091151714324951172e-01	-6.053812503814697266e-01	1.486120373010635376e-01
2.532123029232025146e-01	-5.328479409217834473e-01	1.149237006902694702e-01
3.073427975177764893e-01	-5.899524092674255371e-01	1.862872689962387085e-01
3.129700720310211182e-01	-6.307473182678222656e-01	2.222744375467300415e-01
3.312403857707977295e-01	-6.789475679397583008e-01	2.299363911151885986e-01
3.327392041683197021e-01	-6.586167812347412109e-01	2.548099458217620850e-01
2.929290533065795898e-01	-6.092592477798461914e-01	2.301227301359176636e-01
2.828441262245178223e-01	-5.834873914718627930e-01	2.291088551282882690e-01
3.107569813728332520e-01	-5.946398377418518066e-01	2.655612826347351074e-01
3.190320730209350586e-01	-5.859695076942443848e-01	2.740569412708282471e-01
3.110997676849365234e-01	-6.091523170471191406e-01	3.060834407806396484e-01
2.770366072654724121e-01	-5.669572353363037109e-01	2.654381692409515381e-01
2.723416984081268311e-01	-5.187944769859313965e-01	2.519562840461730957e-01
3.164218068122863770e-01	-5.732197165489196777e-01	3.097794950008392334e-01
2.664827704429626465e-01	-5.559486746788024902e-01	2.818294465541839600e-01
3.011361658573150635e-01	-5.616989731788635254e-01	2.839663624763488770e-01
3.213065862655639648e-01	-5.618281960487365723e-01	2.696696519851684570e-01
2.994894385337829590e-01	-5.181730389595031738e-01	2.506562471389770508e-01
2.952656745910644531e-01	-5.167791247367858887e-01	2.523943483829498291e-01
2.866735458374023438e-01	-5.350838899612426758e-01	2.192996293306350708e-01
3.090088069438934326e-01	-5.768797993659973145e-01	2.448239773511886597e-01
3.190610706806182861e-01	-5.895327925682067871e-01	2.877518832683563232e-01
2.772317826747894287e-01	-5.354409813880920410e-01	2.373079806566238403e-01
3.145623207092285156e-01	-5.928326845169067383e-01	2.807604670524597168e-01
3.087111115455627441e-01	-5.234861373901367188e-01	2.532618343830108643e-01
2.480830550193786621e-01	-4.816305041313171387e-01	2.046170979738235474e-01
2.631331384181976318e-01	-5.167742967605590820e-01	2.325935065746307373e-01
2.737751901149749756e-01	-5.353509187698364258e-01	2.533650398254394531e-01
2.863791286945343018e-01	-5.875445008277893066e-01	2.651772499084472656e-01
2.928961217403411865e-01	-5.849788784980773926e-01	2.652603983879089355e-01
2.905894815921783447e-01	-5.502737760543823242e-01	2.733145952224731445e-01
2.793085277080535889e-01	-5.177472829818725586e-01	2.762004137039184570e-01
3.170999288558959961e-01	-5.110562443733215332e-01	2.842795252799987793e-01
2.674184143543243408e-01	-3.910159766674041748e-01	2.248524278402328491e-01
1.917423009872436523e-01	-3.311873972415924072e-01	1.352022588253021240e-01
2.670972645282745361e-01	-4.213293492794036865e-01	2.179934382438659668e-01
2.892488241195678711e-01	-4.417496621608734131e-01	2.531890273094177246e-01
3.226465880870819092e-01	-4.739099144935607910e-01	2.953104674816131592e-01
2.967487573623657227e-01	-4.457514286041259766e-01	2.665545344352722168e-01
2.839910387992858887e-01	-4.143918752670288086e-01	2.745702862739562988e-01
3.653883337974548340e-01	-4.744899868965148926e-01	3.187858462333679199e-01
3.329274356365203857e-01	-4.513320028781890869e-01	2.816935479640960693e-01
3.778003454208374023e-01	-4.677839875221252441e-01	3.334364295005798340e-01
2.838480472564697266e-01	-3.543262183666229248e-01	2.376287430524826050e-01
2.844995558261871338e-01	-3.248893618583679199e-01	2.009507268667221069e-01
3.504907786846160889e-01	-4.149788618087768555e-01	3.099117577075958252e-01
3.550972342491149902e-01	-4.240745902061462402e-01	3.474976420402526855e-01
3.699303865432739258e-01	-4.794801771640777588e-01	3.664590716361999512e-01
3.847174346446990967e-01	-4.892373085021972656e-01	3.949636816978454590e-01
3.750175237655639648e-01	-4.417899250984191895e-01	3.842059671878814697e-01
3.638830184936523438e-01	-4.097789525985717773e-01	3.754088282585144043e-01
3.646107614040374756e-01	-3.990852832794189453e-01	3.812147080898284912e-01
3.795779347419738770e-01	-4.338656663894653320e-01	3.978703022003173828e-01
3.878518939018249512e-01	-4.224152565002441406e-01	4.080907702445983887e-01
3.483420014381408691e-01	-3.905959129333496094e-01	3.628723323345184326e-01
3.445826172828674316e-01	-3.965651094913482666e-01	3.653669953346252441e-01
3.721126317977905273e-01	-4.046980142593383789e-01	3.819994628429412842e-01
3.278604447841644287e-01	-3.681719899177551270e-01	3.483489751815795898e-01
3.236248493194580078e-01	-3.602289855480194092e-01	3.062926232814788818e-01
3.699248135089874268e-01	-4.034580886363983154e-01	3.629203140735626221e-01
3.690151274204254150e-01	-4.082827270030975342e-01	3.840141594409942627e-01
3.028460144996643066e-01	-3.463829159736633301e-01	3.184318840503692627e-01
3.395247757434844971e-01	-3.342872560024261475e-01	3.270316123962402344e-01
3.362230062484741211e-01	-3.109610378742218018e-01	2.984387278556823730e-01
3.664957284927368164e-01	-3.342733085155487061e-01	3.413117229938507080e-01
3.479008376598358154e-01	-3.631021082401275635e-01	3.260434865951538086e-01
3.230258822441101074e-01	-3.350740671157836914e-01	3.367957770824432373e-01
3.278745710849761963e-01	-3.572726845741271973e-01	3.337142765522003174e-01
3.474211990833282471e-01	-3.842772841453552246e-01	3.449304401874542236e-01
3.168293535709381104e-01	-3.780235648155212402e-01	2.956808209419250488e-01
3.344130218029022217e-01	-3.789813518524169922e-01	3.122670352458953857e-01
3.482595384120941162e-01	-3.674387931823730469e-01	3.240064680576324463e-01
3.161621689796447754e-01	-3.504909276962280273e-01	2.916045486927032471e-01
3.544375896453857422e-01	-3.618689477443695068e-01	3.296589255332946777e-01
3.140362501144409180e-01	-3.011991679668426514e-01	2.710821628570556641e-01
3.212015926837921143e-01	-3.149099647998809814e-01	2.795057594776153564e-01
3.107725083827972412e-01	-2.987916171550750732e-01	2.774238884449005127e-01
3.487282097339630127e-01	-3.061235547065734863e-01	3.195983171463012695e-01
3.455393612384796143e-01	-3.039051890373229980e-01	3.109256923198699951e-01
3.157392442226409912e-01	-2.969924807548522949e-01	2.828599214553833008e-01
3.416720926761627197e-01	-3.053978979587554932e-01	3.106573224067687988e-01
3.506336808204650879e-01	-3.033502101898193359e-01	3.417207300662994385e-01
3.300770819187164307e-01	-2.827159166336059570e-01	3.324761092662811279e-01
3.206356465816497803e-01	-2.906101346015930176e-01	2.744157612323760986e-01
3.431623280048370361e-01	-2.805958688259124756e-01	2.514129579067230225e-01
2.110746204853057861e-01	-2.480804622173309326e-01	7.884538918733596802e-02
-6.316239386796951294e-02	-1.524556726217269897e-01	-2.288647592067718506e-01
3.299364149570465088e-01	-2.748552262783050537e-01	1.443916261196136475e-01
3.448840677738189697e-01	-3.059987425804138184e-01	2.317220419645309448e-01
3.264250755310058594e-01	-3.287656307220458984e-01	2.158358246088027954e-01
3.020447194576263428e-01	-3.019789755344390869e-01	1.805468946695327759e-01
2.555632591247558594e-01	-2.674467265605926514e-01	1.246220469474792480e-01
1.606108248233795166e-01	-2.130070924758911133e-01	1.537535618990659714e-02
2.307665348052978516e-01	-2.064346671104431152e-01	3.419058397412300110e-02
3.117141127586364746e-01	-2.564521133899688721e-01	6.802795082330703735e-02
2.588663101196289062e-01	-2.519828677177429199e-01	4.299782961606979370e-02
2.655595541000366211e-01	-2.850393950939178467e-01	6.392946094274520874e-02
8.042760938405990601e-02	-2.016654014587402344e-01	-6.835302710533142090e-02
2.182513624429702759e-01	-2.282782793045043945e-01	2.496638149023056030e-02
3.273240327835083008e-01	-3.081273436546325684e-01	1.303995549678802490e-01
3.153514862060546875e-01	-3.110429644584655762e-01	1.447863429784774780e-01
3.516283631324768066e-01	-3.186433017253875732e-01	2.037247568368911743e-01
2.566285133361816406e-01	-2.585037648677825928e-01	5.716022104024887085e-02
3.225114941596984863e-01	-2.670310139656066895e-01	1.220536530017852783e-01
2.438967078924179077e-01	-2.092692852020263672e-01	7.120381295680999756e-02
2.846836149692535400e-01	-2.249979078769683838e-01	7.921881973743438721e-02
2.837906479835510254e-01	-2.324548959732055664e-01	9.239228069782257080e-02
2.670106291770935059e-01	-2.515948414802551270e-01	8.053686469793319702e-02
2.825585007667541504e-01	-2.899785041809082031e-01	1.157027930021286011e-01
2.636373937129974365e-01	-2.627553045749664307e-01	1.090253442525863647e-01
2.819401025772094727e-01	-2.910582721233367920e-01	1.358864307403564453e-01
2.861098349094390869e-01	-2.831833958625793457e-01	1.543478816747665405e-01
3.075147271156311035e-01	-2.859855890274047852e-01	1.566981375217437744e-01
3.086211085319519043e-01	-2.532427608966827393e-01	1.618093699216842651e-01
3.275304734706878662e-01	-2.171254158020019531e-01	1.707168817520141602e-01
3.096362948417663574e-01	-2.109627723693847656e-01	1.320295780897140503e-01
2.147067636251449585e-01	-1.833414137363433838e-01	1.967433094978332520e-02
1.818451732397079468e-01	-1.713802963495254517e-01	2.143560722470283508e-02
2.762238085269927979e-01	-2.033774256706237793e-01	1.111644133925437927e-01
3.124400079250335693e-01	-1.921399086713790894e-01	2.112545967102050781e-01
3.123423457145690918e-01	-2.024135291576385498e-01	2.359322011470794678e-01
2.902711331844329834e-01	-2.097377330064773560e-01	2.149774581193923950e-01
3.296523392200469971e-01	-2.239017933607101440e-01	2.817484736442565918e-01
2.711460590362548828e-01	-2.231312245130538940e-01	2.070893347263336182e-01
3.008195459842681885e-01	-2.202636301517486572e-01	2.226558923721313477e-01
3.045154511928558350e-01	-2.103251516819000244e-01	2.156708389520645142e-01
3.125402629375457764e-01	-1.799333393573760986e-01	2.323611378669738770e-01
2.979190647602081299e-01	-1.950735300779342651e-01	1.889007389545440674e-01
3.074513375759124756e-01	-1.793359220027923584e-01	1.580186039209365845e-01
3.064592778682708740e-01	-1.807888597249984741e-01	1.440851390361785889e-01
2.547487616539001465e-01	-2.042201906442642212e-01	9.777195006608963013e-02
2.567237913608551025e-01	-1.802919507026672363e-01	5.326369777321815491e-02
1.784128993749618530e-01	-2.069345712661743164e-01	9.800270199775695801e-03
2.219074219465255737e-01	-2.138852775096893311e-01	8.131454885005950928e-02
2.263864576816558838e-01	-2.007945924997329712e-01	9.346960484981536865e-02
2.261103689670562744e-01	-2.328662276268005371e-01	1.055475249886512756e-01
2.546735107898712158e-01	-2.024844437837600708e-01	1.043571680784225464e-01
2.322914451360702515e-01	-1.240093335509300232e-01	5.596097186207771301e-02
-1.509013772010803223e-02	-7.951898872852325439e-02	-1.055437773466110229e-01
-5.615153908729553223e-02	-7.684750109910964966e-02	-1.056898534297943115e-01
9.082359611056745052e-05	-7.688888907432556152e-02	-1.105267331004142761e-01
1.042223125696182251e-01	-8.235988765954971313e-02	5.150533397682011127e-04
1.593679785728454590e-01	-1.063759624958038330e-01	7.573103159666061401e-02
1.814353615045547485e-01	-9.331044554710388184e-02	1.230138987302780151e-01
2.162478566169738770e-01	-9.483081102371215820e-02	1.664080619812011719e-01
2.228719890117645264e-01	-1.101017743349075317e-01	1.578079015016555786e-01
2.434421628713607788e-01	-9.135922789573669434e-02	2.116113156080245972e-01
2.563553750514984131e-01	-1.107586026191711426e-01	2.466307878494262695e-01
2.096873074769973755e-01	-1.125010550022125244e-01	2.231861799955368042e-01
2.511314451694488525e-01	-1.023944020271301270e-01	2.543210983276367188e-01
2.448688149452209473e-01	-9.529278427362442017e-02	2.510344088077545166e-01
2.515831291675567627e-01	-1.178546622395515442e-01	2.758984267711639404e-01
1.804990321397781372e-01	-6.980697065591812134e-02	2.461215853691101074e-01
2.487288415431976318e-01	-7.751874625682830811e-02	2.425173819065093994e-01
2.336564958095550537e-01	-5.843042954802513123e-02	2.070093452930450439e-01
2.424990534782409668e-01	-4.867962747812271118e-02	2.080340087413787842e-01
2.816249430179595947e-01	-7.760736346244812012e-02	2.197850048542022705e-01
2.583762109279632568e-01	-7.515396922826766968e-02	2.274416834115982056e-01
2.516450583934783936e-01	-1.088245734572410583e-01	1.975058466196060181e-01
2.199654728174209595e-01	-1.225965470075607300e-01	1.894794702529907227e-01
2.006927579641342163e-01	-1.177462115883827209e-01	1.741936653852462769e-01
2.426681369543075562e-01	-7.276918739080429077e-02	2.381536960601806641e-01
2.329616546630859375e-01	-5.877142772078514099e-02	2.825314402580261230e-01
2.558448314666748047e-01	-8.616053313016891479e-02	2.823481857776641846e-01
2.751948833465576172e-01	-7.597152143716812134e-02	3.030641973018646240e-01
2.327671200037002563e-01	-5.870625376701354980e-02	2.701791822910308838e-01
1.435540467500686646e-01	-5.837396904826164246e-02	1.516734063625335693e-01
2.594214975833892822e-01	-3.308038413524627686e-02	2.452885508537292480e-01
2.699964344501495361e-01	-4.592713713645935059e-02	2.701832056045532227e-01
3.195783793926239014e-01	-7.711312919855117798e-02	3.201535046100616455e-01
3.122550249099731445e-01	-8.553948253393173218e-02	2.944946587085723877e-01
2.683625817298889160e-01	-7.712701708078384399e-02	2.530275285243988037e-01
3.115839064121246338e-01	-8.784641325473785400e-02	3.103123009204864502e-01
2.595785260200500488e-01	-7.545008510351181030e-02	2.633498311042785645e-01
2.801630795001983643e-01	-6.510265916585922241e-02	2.657537758350372314e-01
2.225904613733291626e-01	-6.305669993162155151e-02	2.139074057340621948e-01
3.352125287055969238e-01	-4.795201495289802551e-02	2.926142811775207520e-01
2.131569981575012207e-01	-2.787332981824874878e-02	1.735775172710418701e-01
1.949903815984725952e-01	-1.162403915077447891e-02	1.159788742661476135e-01
2.026715278625488281e-01	-2.918026596307754517e-02	1.395810991525650024e-01
2.235902249813079834e-01	3.532054135575890541e-03	1.870309561491012573e-01
2.342431545257568359e-01	-2.191871032118797302e-02	1.989421546459197998e-01
1.981725543737411499e-01	-1.298022805713117123e-03	1.388350427150726318e-01
2.589108943939208984e-01	-1.389689929783344269e-02	1.767097860574722290e-01
2.516659796237945557e-01	-2.462732978165149689e-02	1.454070061445236206e-01
1.673128008842468262e-01	-2.715365961194038391e-02	7.187698036432266235e-02
2.291764914989471436e-01	-1.630222797393798828e-02	9.381937235593795776e-02
2.156458348035812378e-01	2.225097268819808960e-03	9.682571142911911011e-02
2.125270515680313110e-01	-4.647654946893453598e-03	7.932095974683761597e-02
2.633835673332214355e-01	1.343838870525360107e-02	1.586481779813766479e-01
2.656126618385314941e-01	2.397304214537143707e-02	2.014889866113662720e-01
2.574077546596527100e-01	2.301054075360298157e-02	1.950301676988601685e-01
2.578149139881134033e-01	2.964170090854167938e-02	2.178226858377456665e-01
3.137525022029876709e-01	1.602539233863353729e-02	2.714714407920837402e-01
2.638350427150726318e-01	2.802419289946556091e-02	2.352909445762634277e-01
2.741065621376037598e-01	6.805840879678726196e-02	2.067343890666961670e-01
2.802988588809967041e-01	6.741147488355636597e-02	2.175340950489044189e-01
2.971348464488983154e-01	1.195118278264999390e-01	2.455176860094070435e-01
2.473240792751312256e-01	1.475879400968551636e-01	2.074356973171234131e-01
2.835205495357513428e-01	1.505599915981292725e-01	2.362403124570846558e-01
3.276294171810150146e-01	1.307900696992874146e-01	2.751501500606536865e-01
3.126236498355865479e-01	1.094907298684120178e-01	2.920736372470855713e-01
3.759008646011352539e-01	1.053314134478569031e-01	3.834774792194366455e-01
3.616325855255126953e-01	9.757238626480102539e-02	3.678030669689178467e-01
3.402638733386993408e-01	1.073811575770378113e-01	3.486837446689605713e-01
3.451044857501983643e-01	1.075173392891883850e-01	3.421378135681152344e-01
3.374559581279754639e-01	8.503346145153045654e-02	3.423849940299987793e-01
3.123730123043060303e-01	6.234613060951232910e-02	3.225569427013397217e-01
3.189542293548583984e-01	7.018920779228210449e-02	3.272583186626434326e-01
3.578893840312957764e-01	9.806303679943084717e-02	3.679151237010955811e-01
3.655687868595123291e-01	1.306680142879486084e-01	3.788322210311889648e-01
3.211546540260314941e-01	1.153660416603088379e-01	3.368138372898101807e-01
3.226215243339538574e-01	1.179761290550231934e-01	3.355368375778198242e-01
2.049007266759872437e-01	6.590732187032699585e-02	2.431763112545013428e-01
2.776888608932495117e-01	1.060459986329078674e-01	2.842538058757781982e-01
2.588786184787750244e-01	1.018310561776161194e-01	2.610246241092681885e-01
2.962450683116912842e-01	8.395768702030181885e-02	2.758380472660064697e-01
2.891503572463989258e-01	1.068902537226676941e-01	2.671639323234558105e-01
2.924375832080841064e-01	1.458033174276351929e-01	2.896791398525238037e-01
2.997371554374694824e-01	1.279840022325515747e-01	3.059277236461639404e-01
2.707335352897644043e-01	1.557180434465408325e-01	3.067449033260345459e-01
3.012896776199340820e-01	1.819507926702499390e-01	3.277956545352935791e-01
3.132605552673339844e-01	1.791816055774688721e-01	3.403875827789306641e-01
2.293508648872375488e-01	1.353771239519119263e-01	2.464825659990310669e-01
2.249162495136260986e-01	1.673158407211303711e-01	2.269175946712493896e-01
-1.301256567239761353e-01	4.076782241463661194e-02	-9.136443585157394409e-02
9.815415833145380020e-04	9.078960120677947998e-02	-1.422469969838857651e-02
2.682020664215087891e-01	2.314732521772384644e-01	2.496511489152908325e-01
1.521905958652496338e-01	2.186399549245834351e-01	2.258206009864807129e-01
2.470582276582717896e-01	2.886396944522857666e-01	3.342529833316802979e-01
3.165861368179321289e-01	3.176696002483367920e-01	3.854880034923553467e-01
2.546823918819427490e-01	2.289561182260513306e-01	3.296559453010559082e-01
2.517831623554229736e-01	2.377615123987197876e-01	3.474832475185394287e-01
2.472750693559646606e-01	2.486375719308853149e-01	3.271707296371459961e-01
2.471553683280944824e-01	2.513492405414581299e-01	3.360383510589599609e-01
3.027797639369964600e-01	2.768769264221191406e-01	3.928133845329284668e-01
2.740346789360046387e-01	2.325560450553894043e-01	3.501164913177490234e-01
2.659090459346771240e-01	2.593173384666442871e-01	3.529361188411712646e-01
3.261823356151580811e-01	2.811541855335235596e-01	3.943985104560852051e-01
3.056577742099761963e-01	2.656185328960418701e-01	3.672229647636413574e-01
3.163139522075653076e-01	2.332105934619903564e-01	3.737473785877227783e-01
2.964208722114562988e-01	2.530681788921356201e-01	3.596125841140747070e-01
2.721203565597534180e-01	2.283626645803451538e-01	3.417095243930816650e-01
2.879997789859771729e-01	2.356383353471755981e-01	3.656060993671417236e-01
2.682934403419494629e-01	2.568276226520538330e-01	3.541169762611389160e-01
2.808592021465301514e-01	2.936010956764221191e-01	3.795413374900817871e-01
2.831748127937316895e-01	2.635937035083770752e-01	3.698959350585937500e-01
2.771792113780975342e-01	2.577341496944427490e-01	3.654060065746307373e-01
2.753066420555114746e-01	2.945525646209716797e-01	3.814784586429595947e-01
2.753141224384307861e-01	2.599563002586364746e-01	3.830134570598602295e-01
2.992692291736602783e-01	2.775299847126007080e-01	3.674905300140380859e-01
2.996561825275421143e-01	2.960048317909240723e-01	3.912849724292755127e-01
2.706743180751800537e-01	2.856653332710266113e-01	3.566300868988037109e-01
3.061151206493377686e-01	3.020567893981933594e-01	3.743590116500854492e-01
3.462200760841369629e-01	3.446041047573089600e-01	3.855130672454833984e-01
2.809601724147796631e-01	3.045034706592559814e-01	3.591267764568328857e-01
3.094579279422760010e-01	2.928306162357330322e-01	3.894686996936798096e-01
1.356184929609298706e-01	1.713793575763702393e-01	2.440281212329864502e-01
2.993038296699523926e-01	2.521269321441650391e-01	3.419550955295562744e-01
2.994715273380279541e-01	2.580841481685638428e-01	3.366978168487548828e-01
3.300294280052185059e-01	2.655501961708068848e-01	3.662567436695098877e-01
2.833074629306793213e-01	2.392193675041198730e-01	3.182836174964904785e-01
3.205666542053222656e-01	2.563646435737609863e-01	3.182832300662994385e-01
2.885353863239288330e-01	2.493957728147506714e-01	2.789635062217712402e-01
-2.767033688724040985e-02	7.691182196140289307e-02	-6.489682942628860474e-02
-1.060603931546211243e-02	1.420236527919769287e-01	-6.199209019541740417e-02
2.464282363653182983e-01	3.378093838691711426e-01	1.858632415533065796e-01
2.003043442964553833e-01	3.224100470542907715e-01	1.794392317533493042e-01
2.649926245212554932e-01	3.656302392482757568e-01	2.485865950584411621e-01
3.095647990703582764e-01	3.971023261547088623e-01	3.402673304080963135e-01
2.216542512178421021e-01	3.183679580688476562e-01	2.578064203262329102e-01
9.445367753505706787e-02	2.023141086101531982e-01	1.271797120571136475e-01
2.720786631107330322e-01	3.329055309295654297e-01	2.456557750701904297e-01
2.320959419012069702e-01	3.072445094585418701e-01	2.066623270511627197e-01
2.094423919916152954e-01	3.239281475543975830e-01	1.708543747663497925e-01
2.859855890274047852e-01	3.460084497928619385e-01	2.260800302028656006e-01
2.702153325080871582e-01	3.286029100418090820e-01	1.971906870603561401e-01
2.938475310802459717e-01	3.408440053462982178e-01	1.967775374650955200e-01
2.843421399593353271e-01	3.625491857528686523e-01	1.716888248920440674e-01
2.737102508544921875e-01	3.248766958713531494e-01	1.447631120681762695e-01
2.585096061229705811e-01	3.835873305797576904e-01	1.362940371036529541e-01
3.065527975559234619e-01	3.889510333538055420e-01	1.560631841421127319e-01
2.537147700786590576e-01	3.883306980133056641e-01	1.580462008714675903e-01
2.362746894359588623e-01	3.462601304054260254e-01	1.427236944437026978e-01
2.008050382137298584e-01	2.885400950908660889e-01	8.712068945169448853e-02
2.708489596843719482e-01	3.281359672546386719e-01	1.307810693979263306e-01
2.590923309326171875e-01	3.083299696445465088e-01	1.170505359768867493e-01
2.809655070304870605e-01	3.561460971832275391e-01	1.569465100765228271e-01
2.966488897800445557e-01	3.606835305690765381e-01	1.887124478816986084e-01
2.302699834108352661e-01	3.011250197887420654e-01	1.110353171825408936e-01
2.554357349872589111e-01	3.202200829982757568e-01	1.173569634556770325e-01
2.169004827737808228e-01	3.283081054687500000e-01	1.132496371865272522e-01
1.709946841001510620e-01	3.128115236759185791e-01	6.496975570917129517e-02
-1.615384668111801147e-01	9.413622319698333740e-02	-2.513256371021270752e-01
7.465435564517974854e-02	2.382081598043441772e-01	-1.137036457657814026e-01
1.742533892393112183e-01	3.387541770935058594e-01	2.666586078703403473e-02
2.211432754993438721e-01	4.006587564945220947e-01	6.403343379497528076e-02
1.882595270872116089e-01	3.849933445453643799e-01	2.742228470742702484e-02
2.212074100971221924e-01	3.855356872081756592e-01	8.442594856023788452e-02
1.706984490156173706e-01	3.382452130317687988e-01	2.968430332839488983e-02
1.083425208926200867e-01	3.260085582733154297e-01	-1.102970354259014130e-02
1.327177435159683228e-01	3.585874736309051514e-01	-3.564408281818032265e-03
2.541981637477874756e-01	4.685842990875244141e-01	1.266453862190246582e-01
2.256149649620056152e-01	4.791482388973236084e-01	1.411031037569046021e-01
1.689087599515914917e-01	3.782894313335418701e-01	1.302035748958587646e-01
2.243636995553970337e-01	4.281357228755950928e-01	1.499907672405242920e-01
2.883076667785644531e-01	4.354881346225738525e-01	1.872660666704177856e-01
2.309605777263641357e-01	4.146908819675445557e-01	1.399329006671905518e-01
2.424683719873428345e-01	4.089645743370056152e-01	1.028554812073707581e-01
2.766921520233154297e-01	4.214017987251281738e-01	1.163539737462997437e-01
2.375140935182571411e-01	4.027173519134521484e-01	7.650402933359146118e-02
2.726172804832458496e-01	4.308843314647674561e-01	8.851511031389236450e-02
2.285669296979904175e-01	4.769213199615478516e-01	9.284473210573196411e-02
2.049719840288162231e-01	4.334263503551483154e-01	7.119966298341751099e-02
2.478576898574829102e-01	4.729200601577758789e-01	1.605630666017532349e-01
2.341237068176269531e-01	3.922072649002075195e-01	1.176525056362152100e-01
2.866880297660827637e-01	4.515494108200073242e-01	1.747147291898727417e-01
2.810743749141693115e-01	4.097554087638854980e-01	1.599084436893463135e-01
3.027938008308410645e-01	4.826447069644927979e-01	1.950980275869369507e-01
2.908731997013092041e-01	4.779161214828491211e-01	1.881701052188873291e-01
3.122681081295013428e-01	4.707267284393310547e-01	1.992925703525543213e-01
1.963295638561248779e-01	3.626525700092315674e-01	9.735254198312759399e-02
2.597939074039459229e-01	4.402287602424621582e-01	1.712441891431808472e-01
2.886064350605010986e-01	4.457682371139526367e-01	1.802169680595397949e-01
2.484127730131149292e-01	4.283382296562194824e-01	1.919232904911041260e-01
3.217987120151519775e-01	4.689413011074066162e-01	3.056079745292663574e-01
3.046770989894866943e-01	4.565342068672180176e-01	2.558341026306152344e-01
2.477095276117324829e-01	4.426931738853454590e-01	2.068461328744888306e-01
2.090948373079299927e-01	4.010342359542846680e-01	1.608406603336334229e-01
-1.620697677135467529e-01	1.118180975317955017e-01	-2.441173195838928223e-01
2.744898796081542969e-01	4.789896309375762939e-01	7.531000673770904541e-02
2.676355838775634766e-01	5.156039595603942871e-01	1.404372006654739380e-01
2.627024352550506592e-01	5.178925991058349609e-01	1.695339679718017578e-01
3.111138343811035156e-01	5.654960274696350098e-01	2.486301064491271973e-01
3.046119213104248047e-01	5.349982380867004395e-01	2.303447574377059937e-01
2.331122010946273804e-01	5.099161863327026367e-01	1.739660501480102539e-01
2.530653774738311768e-01	5.271304249763488770e-01	1.827426701784133911e-01
2.901251018047332764e-01	5.752086043357849121e-01	2.221678197383880615e-01
3.049457371234893799e-01	5.723430514335632324e-01	2.877441942691802979e-01
3.010083138942718506e-01	5.650141239166259766e-01	2.683833837509155273e-01
2.489773333072662354e-01	5.226812362670898438e-01	2.325997054576873779e-01
2.301721572875976562e-01	4.924892485141754150e-01	2.269428223371505737e-01
2.141920626163482666e-01	4.800730347633361816e-01	2.572100460529327393e-01
2.725223600864410400e-01	5.192816853523254395e-01	2.609608769416809082e-01
2.455183863639831543e-01	5.334025621414184570e-01	2.525623440742492676e-01
2.598555684089660645e-01	5.717732906341552734e-01	2.281915545463562012e-01
2.794507145881652832e-01	5.661470890045166016e-01	1.849239021539688110e-01
1.388301998376846313e-01	4.751180112361907959e-01	3.308776393532752991e-02
-7.548839598894119263e-02	2.914707064628601074e-01	-2.149217575788497925e-01
2.823939025402069092e-01	5.857565999031066895e-01	1.080735549330711365e-01
3.133049011230468750e-01	5.842070579528808594e-01	2.281308174133300781e-01
3.269280791282653809e-01	6.211913228034973145e-01	2.560083568096160889e-01
3.018308281898498535e-01	5.903213620185852051e-01	2.588032484054565430e-01
2.895242273807525635e-01	5.866335630416870117e-01	2.238394618034362793e-01
2.323945015668869019e-01	5.400010347366333008e-01	1.577840298414230347e-01
2.435159534215927124e-01	5.663444995880126953e-01	1.441160738468170166e-01
2.837001383304595947e-01	6.179622411727905273e-01	2.054621577262878418e-01
2.666004002094268799e-01	6.135272979736328125e-01	1.863734573125839233e-01
2.805281579494476318e-01	6.192761659622192383e-01	1.809462606906890869e-01
2.783895134925842285e-01	6.166678667068481445e-01	1.928793489933013916e-01
2.435894757509231567e-01	6.053843498229980469e-01	1.848508566617965698e-01
2.600269317626953125e-01	6.358265876770019531e-01	2.212074697017669678e-01
3.162224590778350830e-01	6.726503968238830566e-01	2.596111893653869629e-01
3.140357434749603271e-01	6.533364057540893555e-01	2.585774660110473633e-01
2.843547761440277100e-01	6.484738588333129883e-01	2.417212575674057007e-01
3.231918513774871826e-01	6.613866090774536133e-01	2.140795141458511353e-01
3.073560893535614014e-01	6.629761457443237305e-01	2.209694981575012207e-01
2.704777717590332031e-01	6.272350549697875977e-01	2.068052738904953003e-01
2.576874494552612305e-01	5.950187444686889648e-01	1.897850930690765381e-01
3.046985566616058350e-01	6.149619817733764648e-01	2.218940556049346924e-01
2.786126136779785156e-01	6.119043827056884766e-01	1.845612525939941406e-01
2.486670762300491333e-01	5.709277987480163574e-01	1.322254091501235962e-01
2.906748950481414795e-01	6.234287619590759277e-01	1.236024498939514160e-01
2.726458609104156494e-01	6.131794452667236328e-01	3.480678051710128784e-02
-1.846478134393692017e-01	2.472545355558395386e-01	-3.157137334346771240e-01
1.775207817554473877e-01	5.381947755813598633e-01	-1.482909172773361206e-01
2.450077235698699951e-01	6.389605402946472168e-01	-2.860161708667874336e-03
3.236710727214813232e-01	6.619516611099243164e-01	9.135786443948745728e-02
3.413313031196594238e-01	6.809508204460144043e-01	1.431785225868225098e-01
2.577427923679351807e-01	6.365826725959777832e-01	5.927433446049690247e-02
3.039590120315551758e-01	6.314525008201599121e-01	4.478061199188232422e-02
2.918711900711059570e-01	6.229127645492553711e-01	-2.177933696657419205e-03
-8.266682922840118408e-02	3.646608293056488037e-01	-2.904649972915649414e-01
1.112277507781982422e-01	5.064349174499511719e-01	-2.368737608194351196e-01
2.785321772098541260e-01	6.142620444297790527e-01	-1.107329055666923523e-01
2.634089589118957520e-01	6.069890260696411133e-01	-6.916151940822601318e-02
2.872537970542907715e-01	6.248220801353454590e-01	-3.482624143362045288e-02
2.562669813632965088e-01	5.860006213188171387e-01	-3.902829810976982117e-02
2.950310409069061279e-01	6.367954015731811523e-01	-3.626408055424690247e-02
2.679356336593627930e-01	6.372247934341430664e-01	-5.368499085307121277e-02
2.502424418926239014e-01	6.012823581695556641e-01	-7.341543585062026978e-02
2.424796968698501587e-01	6.037242412567138672e-01	-2.640853635966777802e-02
1.998156309127807617e-01	5.546891093254089355e-01	-1.013624966144561768e-01
2.745100855827331543e-01	6.285911202430725098e-01	-6.810592114925384521e-02
2.591357231140136719e-01	6.125298142433166504e-01	-5.849974602460861206e-02
2.774744927883148193e-01	6.206228137016296387e-01	-7.711125165224075317e-02
2.605705857276916504e-01	6.166722178459167480e-01	-1.052017807960510254e-01
2.354306578636169434e-01	6.114470362663269043e-01	-1.445719450712203979e-01
2.447576671838760376e-01	6.016056537628173828e-01	-1.352451741695404053e-01
1.651797592639923096e-01	5.484043955802917480e-01	-1.735547482967376709e-01
2.468648403882980347e-01	6.243311762809753418e-01	-1.195391863584518433e-01
2.298597395420074463e-01	6.023011207580566406e-01	-1.389506906270980835e-01
3.098110854625701904e-01	6.744443178176879883e-01	-8.232706040143966675e-02
2.337757200002670288e-01	6.510226726531982422e-01	-2.071342170238494873e-01
2.630582749843597412e-01	6.470757126808166504e-01	-2.438260912895202637e-01
2.530395388603210449e-01	6.602536439895629883e-01	-2.650883197784423828e-01
3.265706598758697510e-01	6.933215856552124023e-01	-2.395579218864440918e-01
2.566785812377929688e-01	6.590590476989746094e-01	-2.548966109752655029e-01
2.917104065418243408e-01	7.072604298591613770e-01	-2.340917438268661499e-01
2.383030056953430176e-01	6.790203452110290527e-01	-2.588752806186676025e-01
2.750503420829772949e-01	7.104713916778564453e-01	-2.128585875034332275e-01
2.143700420856475830e-01	6.891537904739379883e-01	-2.155156284570693970e-01
2.378358840942382812e-01	6.993891000747680664e-01	-1.950118392705917358e-01
2.653303742408752441e-01	7.123928666114807129e-01	-2.592952549457550049e-01
2.895003259181976318e-01	7.192407846450805664e-01	-2.725247740745544434e-01
3.080955147743225098e-01	7.308186292648315430e-01	-2.616661489009857178e-01
3.034279346466064453e-01	7.288832664489746094e-01	-3.076748251914978027e-01
2.785640060901641846e-01	7.145475149154663086e-01	-3.049710690975189209e-01
2.728259861469268799e-01	7.144258618354797363e-01	-3.181785047054290771e-01
2.939761877059936523e-01	7.090725302696228027e-01	-3.045652508735656738e-01
3.361125290393829346e-01	7.444798946380615234e-01	-2.770681679248809814e-01
3.603783249855041504e-01	7.442256212234497070e-01	-2.369228601455688477e-01
2.527930140495300293e-01	6.976805329322814941e-01	-2.154441624879837036e-01
2.086044400930404663e-01	6.619642972946166992e-01	-2.714944183826446533e-01
2.739212512969970703e-01	6.889184713363647461e-01	-3.147987127304077148e-01
2.233285307884216309e-01	6.756412982940673828e-01	-3.496028184890747070e-01
2.168067544698715210e-01	6.640610098838806152e-01	-3.279094398021697998e-01
2.750844657421112061e-01	7.005658149719238281e-01	-3.064772784709930420e-01
2.856534719467163086e-01	6.911299824714660645e-01	-2.983767688274383545e-01
2.221308946609497070e-01	6.531560420989990234e-01	-3.577530384063720703e-01
2.210181057453155518e-01	6.749385595321655273e-01	-3.647004663944244385e-01
2.508218288421630859e-01	6.722831726074218750e-01	-3.542691767215728760e-01
3.159317970275878906e-01	7.094202041625976562e-01	-3.475562334060668945e-01
2.873114049434661865e-01	6.754949688911437988e-01	-3.757436573505401611e-01
3.061679005622863770e-01	6.948142647743225098e-01	-3.639855980873107910e-01
2.419545352458953857e-01	6.618737578392028809e-01	-3.446681797504425049e-01
3.072168827056884766e-01	6.846491694450378418e-01	-2.723487019538879395e-01
2.719434797763824463e-01	6.531637907028198242e-01	-2.041107714176177979e-01
2.394230067729949951e-01	6.390672326087951660e-01	-1.975696980953216553e-01
2.042533159255981445e-01	6.238365173339843750e-01	-1.851838678121566772e-01
6.820576637983322144e-02	5.403261780738830566e-01	-2.723566591739654541e-01
1.039414331316947937e-01	5.946840047836303711e-01	-2.419713884592056274e-01
1.077906228601932526e-02	5.303867459297180176e-01	-3.121883273124694824e-01
7.502233982086181641e-02	5.827240347862243652e-01	-2.835715711116790771e-01
5.143202841281890869e-02	5.895637869834899902e-01	-2.945834100246429443e-01
1.009643599390983582e-01	6.019225120544433594e-01	-2.593234777450561523e-01
4.526028037071228027e-02	5.862625837326049805e-01	-2.755362391471862793e-01
9.206100553274154663e-02	6.045663356781005859e-01	-1.927964240312576294e-01
1.382632702589035034e-01	6.030163168907165527e-01	-2.222323864698410034e-01
2.082533240318298340e-01	6.372154355049133301e-01	-1.851851642131805420e-01
1.467428952455520630e-01	6.017837524414062500e-01	-2.363694310188293457e-01
1.700805723667144775e-01	6.189863085746765137e-01	-2.421042770147323608e-01
1.070622578263282776e-01	5.813414454460144043e-01	-2.447440326213836670e-01
3.276241570711135864e-02	5.450468063354492188e-01	-2.659974694252014160e-01
1.281372606754302979e-01	6.074381470680236816e-01	-2.555450797080993652e-01
1.255718916654586792e-01	5.949829816818237305e-01	-2.692658305168151855e-01
1.246034502983093262e-01	6.091697812080383301e-01	-2.848575711250305176e-01
1.138800084590911865e-01	6.064280271530151367e-01	-3.527118861675262451e-01
6.487715244293212891e-02	5.915358066558837891e-01	-3.488170504570007324e-01
1.882328465580940247e-02	6.024009585380554199e-01	-3.483947515487670898e-01
1.791854649782180786e-01	6.477001905441284180e-01	-3.315483629703521729e-01
2.634536325931549072e-01	6.930060386657714844e-01	-3.421868085861206055e-01
2.504851520061492920e-01	6.731907129287719727e-01	-3.633928000926971436e-01
1.998974531888961792e-01	6.644539833068847656e-01	-3.623423278331756592e-01
2.777814567089080811e-01	7.166595458984375000e-01	-2.925612330436706543e-01
1.526130139827728271e-01	6.673989295959472656e-01	-2.491314858198165894e-01
1.789392977952957153e-01	6.615781784057617188e-01	-2.236638069152832031e-01
1.734892278909683228e-01	6.608870029449462891e-01	-2.533740997314453125e-01
1.714545637369155884e-01	6.541548967361450195e-01	-2.912575602531433105e-01
