2.068791091442108154e-01	-2.952625155448913574e-01	9.327490925788879395e-01
2.178811430931091309e-01	-3.315728604793548584e-01	9.179251790046691895e-01
2.439910620450973511e-01	-4.316933751106262207e-01	8.683910369873046875e-01
2.778510749340057373e-01	-9.143351316452026367e-01	-2.944911718368530273e-01
-6.183050945401191711e-02	-1.023214310407638550e-01	-9.928164482116699219e-01
-9.756701439619064331e-02	-3.981480747461318970e-02	-9.944221973419189453e-01
-9.980402141809463501e-02	-3.724944218993186951e-02	-9.942978024482727051e-01
-1.150532662868499756e-01	-1.845247484743595123e-02	-9.931751489639282227e-01
-1.222745701670646667e-01	-1.315116975456476212e-02	-9.923914670944213867e-01
-1.006036549806594849e-01	-2.393133752048015594e-02	-9.946231842041015625e-01
-9.451515227556228638e-02	-2.828287705779075623e-02	-9.951097965240478516e-01
-1.492490172386169434e-01	-1.810149173252284527e-03	-9.887830018997192383e-01
-1.262076646089553833e-01	-2.102715335786342621e-02	-9.917657971382141113e-01
-1.113112419843673706e-01	-5.147209390997886658e-02	-9.924364089965820312e-01
-1.232126355171203613e-01	-4.319484904408454895e-02	-9.914246201515197754e-01
-1.236129477620124817e-01	-4.887616261839866638e-02	-9.911117553710937500e-01
-1.560002416372299194e-01	-2.306580357253551483e-02	-9.874710440635681152e-01
-1.522068232297897339e-01	-1.780775259248912334e-03	-9.883303046226501465e-01
-1.200836002826690674e-01	-4.988285526633262634e-02	-9.914923906326293945e-01
-1.216051504015922546e-01	-1.900156773626804352e-02	-9.923801422119140625e-01
-1.290135681629180908e-01	-1.752941496670246124e-02	-9.914754629135131836e-01
-1.340992599725723267e-01	-1.387927308678627014e-02	-9.908593893051147461e-01
-1.371787339448928833e-01	-1.750081032514572144e-02	-9.903766512870788574e-01
-1.268626153469085693e-01	-1.951732486486434937e-02	-9.917119741439819336e-01
-1.533128172159194946e-01	-7.250849739648401737e-04	-9.881628751754760742e-01
-1.326534748077392578e-01	-2.270310185849666595e-02	-9.908875823020935059e-01
-1.337650865316390991e-01	-1.029870752245187759e-02	-9.909434914588928223e-01
-1.406928300857543945e-01	-3.002738580107688904e-02	-9.895828962326049805e-01
-1.626649349927902222e-01	-1.411555241793394089e-02	-9.865651130676269531e-01
-1.541102379560470581e-01	-1.544876489788293839e-02	-9.879158139228820801e-01
-1.860985159873962402e-01	7.232695817947387695e-02	-9.798414111137390137e-01
-2.281100153923034668e-01	4.327392205595970154e-02	-9.726472496986389160e-01
-1.702477931976318359e-01	-8.907816372811794281e-03	-9.853415489196777344e-01
-1.892552673816680908e-01	9.988402947783470154e-03	-9.818600416183471680e-01
-1.631072163581848145e-01	-5.718328058719635010e-03	-9.865734577178955078e-01
-1.635981351137161255e-01	-5.572143942117691040e-03	-9.864923357963562012e-01
-1.797476559877395630e-01	8.721280843019485474e-03	-9.836506247520446777e-01
-1.926348656415939331e-01	-1.274812687188386917e-02	-9.811661839485168457e-01
-1.848060190677642822e-01	3.002650849521160126e-02	-9.822958111763000488e-01
-1.562781929969787598e-01	1.119668036699295044e-02	-9.876316785812377930e-01
-2.012556642293930054e-01	3.983817622065544128e-02	-9.787073731422424316e-01
-2.035757750272750854e-01	5.021270364522933960e-03	-9.790253043174743652e-01
-1.911570131778717041e-01	2.585063688457012177e-02	-9.811975359916687012e-01
-2.078597247600555420e-01	-8.503985591232776642e-03	-9.780977964401245117e-01
-3.096699714660644531e-01	-3.553959727287292480e-01	-8.818956613540649414e-01
2.283612936735153198e-01	-7.935030460357666016e-01	5.640766024589538574e-01
1.566032767295837402e-01	-9.455521404743194580e-02	-9.830836057662963867e-01
-2.116125971078872681e-01	6.372103840112686157e-02	-9.752482175827026367e-01
-2.120213806629180908e-01	1.215277984738349915e-02	-9.771658778190612793e-01
-2.128296047449111938e-01	3.542872518301010132e-02	-9.764214754104614258e-01
-2.318854331970214844e-01	3.295317292213439941e-02	-9.721577167510986328e-01
-2.118631750345230103e-01	5.941926315426826477e-02	-9.754662513732910156e-01
-2.173088341951370239e-01	6.512713432312011719e-02	-9.739012122154235840e-01
-2.591259181499481201e-01	-8.289995044469833374e-02	-9.622496962547302246e-01
-1.845717132091522217e-01	-5.000042915344238281e-01	-8.460881710052490234e-01
-2.065403014421463013e-01	-2.119788974523544312e-01	-9.551698565483093262e-01
-2.419746369123458862e-01	-5.315483734011650085e-02	-9.687994718551635742e-01
-2.289666235446929932e-01	-8.812112361192703247e-02	-9.694104194641113281e-01
-2.678007781505584717e-01	3.837364166975021362e-02	-9.626814723014831543e-01
-2.415055930614471436e-01	4.642707109451293945e-02	-9.692614674568176270e-01
-2.392991185188293457e-01	5.144390463829040527e-02	-9.695553779602050781e-01
-2.304119765758514404e-01	7.024567574262619019e-02	-9.705278277397155762e-01
-2.455716282129287720e-01	1.023046001791954041e-01	-9.639366269111633301e-01
-2.480443269014358521e-01	5.115736648440361023e-02	-9.673687815666198730e-01
-2.375744283199310303e-01	1.050379574298858643e-01	-9.656457304954528809e-01
-2.547580897808074951e-01	8.330624550580978394e-02	-9.633796811103820801e-01
-2.549389898777008057e-01	1.301703155040740967e-01	-9.581243395805358887e-01
-2.573923468589782715e-01	1.066261250525712967e-02	-9.662208557128906250e-01
-2.649204134941101074e-01	6.068009883165359497e-02	-9.623304605484008789e-01
-2.722655534744262695e-01	8.218872547149658203e-02	-9.586768746376037598e-01
-2.623933553695678711e-01	4.288043454289436340e-02	-9.639787673950195312e-01
-3.017557859420776367e-01	3.338754549622535706e-02	-9.527706503868103027e-01
-3.000326454639434814e-01	7.213803380727767944e-02	-9.511663913726806641e-01
-2.833239138126373291e-01	6.648395210504531860e-02	-9.566870331764221191e-01
-2.849941849708557129e-01	3.116050921380519867e-02	-9.579924941062927246e-01
-2.843775451183319092e-01	3.683866187930107117e-02	-9.579746127128601074e-01
-3.484070599079132080e-01	-1.614638417959213257e-01	-9.232976436614990234e-01
-2.882461547851562500e-01	1.500362716615200043e-02	-9.574078917503356934e-01
-3.134506642818450928e-01	-1.128230690956115723e-01	-9.428442716598510742e-01
-2.664362788200378418e-01	7.159385085105895996e-02	-9.611602425575256348e-01
-2.858712077140808105e-01	2.474206872284412384e-02	-9.579192996025085449e-01
-2.704427242279052734e-01	7.683794200420379639e-02	-9.596354961395263672e-01
-3.097940683364868164e-01	3.073035553097724915e-02	-9.502770900726318359e-01
-2.764091789722442627e-01	4.099714383482933044e-02	-9.601370692253112793e-01
-2.742994129657745361e-01	6.229962781071662903e-02	-9.595953226089477539e-01
-2.624860405921936035e-01	2.497147023677825928e-02	-9.645842313766479492e-01
-2.637390792369842529e-01	4.472935944795608521e-02	-9.635278582572937012e-01
-2.487061619758605957e-01	9.563111513853073120e-02	-9.638180136680603027e-01
-2.855192124843597412e-01	5.523680523037910461e-02	-9.567496180534362793e-01
-2.980958819389343262e-01	4.395169019699096680e-02	-9.534931182861328125e-01
-2.842732369899749756e-01	7.097600400447845459e-02	-9.560836553573608398e-01
-2.727339565753936768e-01	8.846776187419891357e-02	-9.579842090606689453e-01
-2.847139537334442139e-01	4.637651145458221436e-02	-9.574611186981201172e-01
-2.831134796142578125e-01	5.234989896416664124e-02	-9.576280713081359863e-01
-2.948399782180786133e-01	2.464455552399158478e-02	-9.552001953125000000e-01
-3.122220039367675781e-01	1.814159937202930450e-02	-9.498059749603271484e-01
-3.278575837612152100e-01	1.729394122958183289e-02	-9.445401430130004883e-01
-3.315648138523101807e-01	4.536784440279006958e-02	-9.423095583915710449e-01
-2.801362276077270508e-01	7.203855365514755249e-02	-9.572246074676513672e-01
-2.635411024093627930e-01	9.451583027839660645e-02	-9.599778652191162109e-01
-2.886203527450561523e-01	4.826645553112030029e-02	-9.561976194381713867e-01
-2.968070209026336670e-01	-1.208942849189043045e-02	-9.548338651657104492e-01
-2.851612567901611328e-01	3.075025975704193115e-02	-9.579572081565856934e-01
-2.811501920223236084e-01	5.410962924361228943e-02	-9.581095576286315918e-01
-3.418086171150207520e-01	-5.024154856801033020e-02	-9.383958578109741211e-01
-3.653877377510070801e-01	-8.579851686954498291e-02	-9.268620610237121582e-01
-2.913928031921386719e-01	9.405185282230377197e-02	-9.519391655921936035e-01
-2.997590005397796631e-01	1.003587171435356140e-01	-9.486915469169616699e-01
-3.113715350627899170e-01	1.085523217916488647e-01	-9.440373778343200684e-01
-3.376424610614776611e-01	8.229554444551467896e-02	-9.376393556594848633e-01
-3.248997330665588379e-01	7.529462873935699463e-02	-9.427160620689392090e-01
-2.879457473754882812e-01	1.378165483474731445e-01	-9.476479887962341309e-01
-3.248195350170135498e-01	1.177393645048141479e-01	-9.383871555328369141e-01
-3.411130905151367188e-01	-7.226581871509552002e-02	-9.372037649154663086e-01
-3.869297802448272705e-01	-4.408121481537818909e-02	-9.210200905799865723e-01
-3.470141589641571045e-01	8.294875919818878174e-02	-9.341525435447692871e-01
-4.132095575332641602e-01	1.309313252568244934e-02	-9.105061292648315430e-01
-3.285672664642333984e-01	9.682644903659820557e-02	-9.394735693931579590e-01
-3.378672599792480469e-01	8.920215815305709839e-02	-9.369260668754577637e-01
-3.518719077110290527e-01	8.948066830635070801e-02	-9.317296147346496582e-01
-3.901982605457305908e-01	4.764204844832420349e-02	-9.194646477699279785e-01
-4.613647460937500000e-01	-1.671813130378723145e-01	-8.712822198867797852e-01
-3.610965013504028320e-01	6.289520859718322754e-02	-9.303744435310363770e-01
-3.640470504760742188e-01	5.357591807842254639e-02	-9.298070073127746582e-01
-3.498197197914123535e-01	1.017313078045845032e-01	-9.312459826469421387e-01
-3.821540176868438721e-01	5.490270629525184631e-02	-9.224347472190856934e-01
-3.634627163410186768e-01	7.909913361072540283e-02	-9.282130599021911621e-01
-3.398899734020233154e-01	8.842520415782928467e-02	-9.362668395042419434e-01
-3.935788273811340332e-01	6.671129912137985229e-02	-9.168344736099243164e-01
-3.808644413948059082e-01	6.305156648159027100e-02	-9.224485754966735840e-01
-3.493353426456451416e-01	1.217524930834770203e-01	-9.290226101875305176e-01
-3.487239181995391846e-01	1.346971988677978516e-01	-9.274637699127197266e-01
-3.399009704589843750e-01	1.359603852033615112e-01	-9.305499792098999023e-01
-3.635779023170471191e-01	8.512458950281143188e-02	-9.276353716850280762e-01
-3.510609865188598633e-01	9.225656837224960327e-02	-9.317653179168701172e-01
-3.699419200420379639e-01	1.148399934172630310e-01	-9.218977093696594238e-01
-3.740245699882507324e-01	1.004842147231101990e-01	-9.219275116920471191e-01
-4.597265422344207764e-01	-6.120044738054275513e-02	-8.859148621559143066e-01
-3.528550565242767334e-01	1.091924756765365601e-01	-9.292537569999694824e-01
-4.182775616645812988e-01	4.326860234141349792e-02	-9.072560071945190430e-01
-3.935561180114746094e-01	7.743803411722183228e-02	-9.160012602806091309e-01
-3.700323700904846191e-01	8.715064078569412231e-02	-9.248914718627929688e-01
-3.623588979244232178e-01	1.053301021456718445e-01	-9.260376095771789551e-01
-3.700049519538879395e-01	9.959699213504791260e-02	-9.236445426940917969e-01
-4.428925514221191406e-01	9.129995480179786682e-03	-8.964953422546386719e-01
-5.526131987571716309e-01	-1.618480682373046875e-01	-8.175356984138488770e-01
-4.655096530914306641e-01	-8.072846531867980957e-01	-3.626840412616729736e-01
-4.742991924285888672e-01	-4.247651696205139160e-01	-7.710649371147155762e-01
-4.088601768016815186e-01	3.616192191839218140e-02	-9.118477106094360352e-01
-3.842424154281616211e-01	9.452089667320251465e-02	-9.183496832847595215e-01
-4.163479208946228027e-01	9.018275141716003418e-02	-9.046905040740966797e-01
-3.935265243053436279e-01	1.088083833456039429e-01	-9.128196835517883301e-01
-4.042415320873260498e-01	9.555631875991821289e-02	-9.096162319183349609e-01
-4.073415994644165039e-01	7.584087550640106201e-02	-9.100905060768127441e-01
-4.202609658241271973e-01	6.287469714879989624e-02	-9.051905870437622070e-01
-4.413765966892242432e-01	6.060250476002693176e-02	-8.952404856681823730e-01
-4.418142437934875488e-01	2.367586083710193634e-02	-8.967637419700622559e-01
-3.862186968326568604e-01	1.042584478855133057e-01	-9.164654016494750977e-01
-4.242593348026275635e-01	1.024397835135459900e-01	-8.996959328651428223e-01
-4.138719439506530762e-01	8.042617887258529663e-02	-9.067443609237670898e-01
-3.882600665092468262e-01	1.179901659488677979e-01	-9.139339327812194824e-01
-4.312697649002075195e-01	9.347234666347503662e-02	-8.973345160484313965e-01
-4.041951596736907959e-01	1.123568788170814514e-01	-9.077141284942626953e-01
-3.998525142669677734e-01	1.211809292435646057e-01	-9.085005521774291992e-01
-4.082768261432647705e-01	1.070068180561065674e-01	-9.065327048301696777e-01
-4.478121995925903320e-01	4.628131538629531860e-02	-8.928969502449035645e-01
-4.629613161087036133e-01	5.329872295260429382e-02	-8.847412467002868652e-01
-4.274530112743377686e-01	8.487871289253234863e-02	-9.000115394592285156e-01
-4.335889816284179688e-01	5.517765134572982788e-02	-8.993869423866271973e-01
-4.472082257270812988e-01	7.639482617378234863e-02	-8.911287784576416016e-01
-4.155729115009307861e-01	1.042267158627510071e-01	-9.035353660583496094e-01
-4.532738626003265381e-01	9.260708093643188477e-02	-8.865154385566711426e-01
-4.490227997303009033e-01	9.103809297084808350e-02	-8.888375163078308105e-01
-4.652410447597503662e-01	6.960599869489669800e-02	-8.824107050895690918e-01
-4.394173920154571533e-01	9.120547771453857422e-02	-8.936086893081665039e-01
-4.474418461322784424e-01	9.501595050096511841e-02	-8.892188072204589844e-01
-4.369167089462280273e-01	9.333071112632751465e-02	-8.946133852005004883e-01
-4.605434536933898926e-01	9.657609462738037109e-02	-8.823345303535461426e-01
-4.290147423744201660e-01	1.140908822417259216e-01	-8.960308432579040527e-01
-4.530715048313140869e-01	1.030194088816642761e-01	-8.854678869247436523e-01
-4.195893406867980957e-01	1.229409649968147278e-01	-8.993167281150817871e-01
-4.881535470485687256e-01	6.864799559116363525e-02	-8.700192570686340332e-01
-4.956094622611999512e-01	7.576523721218109131e-02	-8.652012348175048828e-01
-4.426966607570648193e-01	1.190503314137458801e-01	-8.887002468109130859e-01
-4.638626277446746826e-01	7.553796470165252686e-02	-8.826475739479064941e-01
-4.507844448089599609e-01	1.126852259039878845e-01	-8.854585886001586914e-01
-4.771371781826019287e-01	7.826549559831619263e-02	-8.753029704093933105e-01
-4.879904091358184814e-01	8.856765180826187134e-02	-8.683103322982788086e-01
-4.753531217575073242e-01	9.883663803339004517e-02	-8.741930723190307617e-01
-4.911241233348846436e-01	9.809754788875579834e-02	-8.655130863189697266e-01
-4.315790832042694092e-01	1.595494598150253296e-01	-8.878198266029357910e-01
-4.418952167034149170e-01	1.406245529651641846e-01	-8.859432935714721680e-01
-4.631488919258117676e-01	1.679947078227996826e-01	-8.701779246330261230e-01
-4.566591382026672363e-01	1.370712518692016602e-01	-8.789856433868408203e-01
-4.829289317131042480e-01	1.377489268779754639e-01	-8.647223114967346191e-01
-4.974117577075958252e-01	1.222005859017372131e-01	-8.588303327560424805e-01
-3.827359080314636230e-01	2.097044140100479126e-01	-8.997085094451904297e-01
-4.921421110630035400e-01	1.162459030747413635e-01	-8.626818060874938965e-01
-5.023141503334045410e-01	1.252773851156234741e-01	-8.555268049240112305e-01
-4.783782064914703369e-01	1.444194018840789795e-01	-8.661628365516662598e-01
-4.986525475978851318e-01	1.330678910017013550e-01	-8.564925193786621094e-01
-5.104749798774719238e-01	1.116350367665290833e-01	-8.525809645652770996e-01
-4.686824679374694824e-01	1.613337397575378418e-01	-8.684749007225036621e-01
-4.139038324356079102e-01	1.972154378890991211e-01	-8.886663913726806641e-01
-5.136389732360839844e-01	1.439799964427947998e-01	-8.458041548728942871e-01
-4.297838807106018066e-01	1.900828480720520020e-01	-8.826628327369689941e-01
-5.007128715515136719e-01	1.291553676128387451e-01	-8.558901548385620117e-01
-5.052669048309326172e-01	1.309669464826583862e-01	-8.529338240623474121e-01
-4.665215313434600830e-01	1.510152667760848999e-01	-8.714893460273742676e-01
-5.481349229812622070e-01	1.332164853811264038e-01	-8.256766796112060547e-01
-5.183926820755004883e-01	1.836401671171188354e-01	-8.351566791534423828e-01
-5.037079453468322754e-01	1.715308427810668945e-01	-8.466385006904602051e-01
-4.554619789123535156e-01	1.991813629865646362e-01	-8.676516413688659668e-01
-5.478227734565734863e-01	1.280184239149093628e-01	-8.267032504081726074e-01
-5.866780281066894531e-01	1.037250310182571411e-01	-8.031128644943237305e-01
-5.519390106201171875e-01	1.196652203798294067e-01	-8.252194523811340332e-01
-4.837391376495361328e-01	1.817962378263473511e-01	-8.560886383056640625e-01
-4.515455067157745361e-01	2.017256766557693481e-01	-8.691104650497436523e-01
-6.211704015731811523e-01	8.336611092090606689e-02	-7.791842818260192871e-01
-6.408913731575012207e-01	9.470708668231964111e-02	-7.617261409759521484e-01
-5.062217712402343750e-01	2.069581449031829834e-01	-8.371663093566894531e-01
-4.564294219017028809e-01	2.166024446487426758e-01	-8.629548549652099609e-01
-4.744200110435485840e-01	1.998057365417480469e-01	-8.572860956192016602e-01
-5.263136029243469238e-01	1.725997626781463623e-01	-8.325509428977966309e-01
-5.000373721122741699e-01	1.886255443096160889e-01	-8.451751470565795898e-01
-5.763755440711975098e-01	1.662594825029373169e-01	-8.000540733337402344e-01
-5.491453409194946289e-01	1.745198667049407959e-01	-8.172637224197387695e-01
-5.838410258293151855e-01	1.911266595125198364e-01	-7.890100479125976562e-01
-5.525664091110229492e-01	1.934054195880889893e-01	-8.106790781021118164e-01
-4.944051206111907959e-01	2.202963232994079590e-01	-8.408138155937194824e-01
-4.873240888118743896e-01	2.273134887218475342e-01	-8.430765867233276367e-01
-5.373348593711853027e-01	1.925588101148605347e-01	-8.210533261299133301e-01
-5.167765617370605469e-01	2.106909900903701782e-01	-8.297512531280517578e-01
-5.522423386573791504e-01	1.983992159366607666e-01	-8.096933960914611816e-01
-5.445387363433837891e-01	1.990604251623153687e-01	-8.147326111793518066e-01
-4.871170818805694580e-01	2.248902320861816406e-01	-8.438462018966674805e-01
-5.398501157760620117e-01	2.213126122951507568e-01	-8.121079802513122559e-01
-4.927217364311218262e-01	2.299562841653823853e-01	-8.392138481140136719e-01
-5.017219185829162598e-01	2.025397717952728271e-01	-8.409443497657775879e-01
-5.637319087982177734e-01	2.336030602455139160e-01	-7.921940088272094727e-01
-4.998768270015716553e-01	2.306136637926101685e-01	-8.347898721694946289e-01
-5.671004056930541992e-01	1.965986341238021851e-01	-7.998011708259582520e-01
-5.082370042800903320e-01	2.589310109615325928e-01	-8.213321566581726074e-01
-5.511697530746459961e-01	2.478504031896591187e-01	-7.966903448104858398e-01
-5.679839849472045898e-01	2.400797307491302490e-01	-7.872042059898376465e-01
-5.262960195541381836e-01	2.536793947219848633e-01	-8.115373849868774414e-01
-5.842170715332031250e-01	2.359843552112579346e-01	-7.764897942543029785e-01
-4.708277881145477295e-01	2.590149939060211182e-01	-8.433046340942382812e-01
-4.823992848396301270e-01	2.753364741802215576e-01	-8.315120935440063477e-01
-5.154006481170654297e-01	2.551817297935485840e-01	-8.180322647094726562e-01
-5.376175642013549805e-01	2.743873000144958496e-01	-7.972549200057983398e-01
-4.612313210964202881e-01	2.817032337188720703e-01	-8.413313031196594238e-01
-5.340594053268432617e-01	2.567822933197021484e-01	-8.054666519165039062e-01
-6.753912568092346191e-01	1.907822787761688232e-01	-7.123071551322937012e-01
-5.470666885375976562e-01	2.695856690406799316e-01	-7.924467921257019043e-01
-5.648608207702636719e-01	2.508462965488433838e-01	-7.860940098762512207e-01
-5.191842317581176758e-01	2.671704888343811035e-01	-8.117873072624206543e-01
-6.252856254577636719e-01	2.430401891469955444e-01	-7.415428161621093750e-01
-5.476093888282775879e-01	2.671973407268524170e-01	-7.928823232650756836e-01
-4.852363467216491699e-01	2.844243943691253662e-01	-8.267891407012939453e-01
-5.436645150184631348e-01	2.560789585113525391e-01	-7.992401719093322754e-01
-5.243204236030578613e-01	2.645738124847412109e-01	-8.093329668045043945e-01
-5.897923707962036133e-01	2.605299353599548340e-01	-7.643300890922546387e-01
-6.432224512100219727e-01	2.506487071514129639e-01	-7.234409451484680176e-01
-5.890087485313415527e-01	2.864394783973693848e-01	-7.556113004684448242e-01
-5.723568797111511230e-01	3.124918639659881592e-01	-7.580801844596862793e-01
-4.660510122776031494e-01	3.092847466468811035e-01	-8.288922905921936035e-01
-5.797054767608642578e-01	3.004558086395263672e-01	-7.573606967926025391e-01
-5.764645338058471680e-01	3.367362022399902344e-01	-7.444639801979064941e-01
-5.348713397979736328e-01	3.243541121482849121e-01	-7.801487445831298828e-01
-5.256264209747314453e-01	3.085150718688964844e-01	-7.927553653717041016e-01
-5.166532993316650391e-01	3.242902159690856934e-01	-7.923566699028015137e-01
-5.128879547119140625e-01	3.093795180320739746e-01	-8.007195591926574707e-01
-5.029435157775878906e-01	3.331149518489837646e-01	-7.975025177001953125e-01
-5.606620907783508301e-01	3.290384709835052490e-01	-7.598140239715576172e-01
-5.755073428153991699e-01	3.360514640808105469e-01	-7.455111742019653320e-01
-4.903436303138732910e-01	3.430764675140380859e-01	-8.011152744293212891e-01
-5.104742646217346191e-01	3.367723822593688965e-01	-7.911548614501953125e-01
-5.825940966606140137e-01	3.303533494472503662e-01	-7.425490617752075195e-01
-5.332369208335876465e-01	3.283019661903381348e-01	-7.796126604080200195e-01
-5.127498507499694824e-01	3.330231010913848877e-01	-7.912675738334655762e-01
-5.238143801689147949e-01	3.523508012294769287e-01	-7.754935026168823242e-01
-4.743591248989105225e-01	3.452167212963104248e-01	-8.097705841064453125e-01
-5.303432345390319824e-01	3.580470681190490723e-01	-7.684183716773986816e-01
-5.927906632423400879e-01	3.601457774639129639e-01	-7.202915549278259277e-01
-7.565709948539733887e-01	2.672278881072998047e-01	-5.967514514923095703e-01
-9.728953242301940918e-01	1.550337672233581543e-01	-1.713798344135284424e-01
-5.954154133796691895e-01	4.083927273750305176e-01	-6.918194890022277832e-01
-5.897504091262817383e-01	3.484492897987365723e-01	-7.284913063049316406e-01
-5.899121165275573730e-01	3.610883653163909912e-01	-7.221767306327819824e-01
-5.978912115097045898e-01	3.586412668228149414e-01	-7.168152332305908203e-01
-6.187388300895690918e-01	3.445346355438232422e-01	-7.059582471847534180e-01
-7.017173767089843750e-01	3.403616547584533691e-01	-6.258338689804077148e-01
-9.810646176338195801e-01	1.904690861701965332e-01	3.419414535164833069e-02
-6.924409866333007812e-01	4.563603699207305908e-01	-5.587369203567504883e-01
-5.705862045288085938e-01	3.977279663085937500e-01	-7.184457778930664062e-01
-5.497902035713195801e-01	3.608642816543579102e-01	-7.532768845558166504e-01
-5.702122449874877930e-01	3.671821355819702148e-01	-7.348189353942871094e-01
-5.269320011138916016e-01	3.806533813476562500e-01	-7.598446011543273926e-01
-5.321081876754760742e-01	4.055945277214050293e-01	-7.431538105010986328e-01
-4.975423216819763184e-01	3.742075562477111816e-01	-7.825213074684143066e-01
-5.520333051681518555e-01	3.820154368877410889e-01	-7.411121726036071777e-01
-5.686246156692504883e-01	4.034442007541656494e-01	-7.168116569519042969e-01
-5.766578912734985352e-01	3.800593912601470947e-01	-7.231475710868835449e-01
-5.161613225936889648e-01	3.981988728046417236e-01	-7.582440376281738281e-01
-8.378086090087890625e-01	3.621474504470825195e-01	-4.084773659706115723e-01
-7.839542627334594727e-01	3.838192522525787354e-01	-4.878748953342437744e-01
-6.562026143074035645e-01	4.040852189064025879e-01	-6.372066736221313477e-01
-6.731811761856079102e-01	3.917152285575866699e-01	-6.271508336067199707e-01
-5.221220254898071289e-01	4.013603925704956055e-01	-7.524718046188354492e-01
-5.997414588928222656e-01	4.082438945770263672e-01	-6.881669759750366211e-01
-5.439862608909606934e-01	4.137153625488281250e-01	-7.299566268920898438e-01
-5.408272743225097656e-01	4.023030698299407959e-01	-7.386304140090942383e-01
-7.482084035873413086e-01	3.707843422889709473e-01	-5.501141548156738281e-01
-6.073602437973022461e-01	4.198712706565856934e-01	-6.743458509445190430e-01
-6.554425954818725586e-01	4.302905499935150146e-01	-6.206252574920654297e-01
-5.683399438858032227e-01	4.758809506893157959e-01	-6.711602210998535156e-01
-5.058731436729431152e-01	4.419440925121307373e-01	-7.407428026199340820e-01
-5.674177408218383789e-01	4.467195272445678711e-01	-6.916642189025878906e-01
-5.454958677291870117e-01	4.559814631938934326e-01	-7.031583189964294434e-01
-5.335176587104797363e-01	4.595382511615753174e-01	-7.099986672401428223e-01
-4.719229340553283691e-01	4.378065168857574463e-01	-7.651999592781066895e-01
-5.936345458030700684e-01	4.775493144989013672e-01	-6.476634740829467773e-01
-5.656924843788146973e-01	4.839772284030914307e-01	-6.675889492034912109e-01
-5.669280290603637695e-01	4.532255828380584717e-01	-6.878206729888916016e-01
-5.545127987861633301e-01	4.095103144645690918e-01	-7.243769764900207520e-01
-6.728804111480712891e-01	2.363826148211956024e-02	7.393400073051452637e-01
-6.972123980522155762e-01	6.037997007369995117e-01	-3.863126337528228760e-01
-4.192602336406707764e-01	4.983905553817749023e-01	-7.587724924087524414e-01
-6.517721414566040039e-01	4.995141029357910156e-01	-5.706165432929992676e-01
-4.586930572986602783e-01	4.963730573654174805e-01	-7.369707822799682617e-01
-4.982285797595977783e-01	4.858415126800537109e-01	-7.180837392807006836e-01
-5.140087604522705078e-01	4.932034909725189209e-01	-7.017560005187988281e-01
-5.508243441581726074e-01	4.984307885169982910e-01	-6.693866252899169922e-01
-5.723751187324523926e-01	4.951137304306030273e-01	-6.535797119140625000e-01
-4.830657541751861572e-01	4.925965070724487305e-01	-7.238153219223022461e-01
-5.018485188484191895e-01	4.805801510810852051e-01	-7.191029191017150879e-01
-4.385268688201904297e-01	4.747020900249481201e-01	-7.630627751350402832e-01
-5.188493728637695312e-01	4.735350310802459717e-01	-7.116739153861999512e-01
-4.981681108474731445e-01	4.863545596599578857e-01	-7.177788615226745605e-01
-5.726767182350158691e-01	5.264731049537658691e-01	-6.283216476440429688e-01
-5.679136514663696289e-01	5.182901024818420410e-01	-6.393496990203857422e-01
-5.676991939544677734e-01	5.438423752784729004e-01	-6.179606318473815918e-01
-5.099050402641296387e-01	5.285325050354003906e-01	-6.786518692970275879e-01
-5.586009621620178223e-01	5.116890072822570801e-01	-6.527307033538818359e-01
-5.318233966827392578e-01	5.217010378837585449e-01	-6.670101881027221680e-01
-5.408018827438354492e-01	5.152723789215087891e-01	-6.647939085960388184e-01
-4.918604493141174316e-01	4.956141710281372070e-01	-7.157914042472839355e-01
-4.779537916183471680e-01	5.000362396240234375e-01	-7.221081852912902832e-01
-5.445306301116943359e-01	5.353409647941589355e-01	-6.456171870231628418e-01
-4.896679520606994629e-01	5.100557804107666016e-01	-7.070982456207275391e-01
-3.938299417495727539e-01	4.751913547515869141e-01	-7.867692708969116211e-01
-4.779278635978698730e-01	4.872222542762756348e-01	-7.308334112167358398e-01
-5.644654631614685059e-01	5.190162658691406250e-01	-6.418088674545288086e-01
-4.416109025478363037e-01	5.041608214378356934e-01	-7.421053051948547363e-01
-4.372523128986358643e-01	5.024185776710510254e-01	-7.458584904670715332e-01
-4.501066803932189941e-01	5.191725492477416992e-01	-7.264879941940307617e-01
-5.007095932960510254e-01	5.429283976554870605e-01	-6.741227507591247559e-01
-4.546886086463928223e-01	5.232393741607666016e-01	-7.206905484199523926e-01
-4.656380712985992432e-01	5.176071524620056152e-01	-7.177616357803344727e-01
-5.599012970924377441e-01	5.442735552787780762e-01	-6.246609687805175781e-01
-4.744837880134582520e-01	5.167146921157836914e-01	-7.125942707061767578e-01
-4.375019073486328125e-01	5.264403820037841797e-01	-7.289537191390991211e-01
-3.894507288932800293e-01	5.037916898727416992e-01	-7.709988355636596680e-01
-5.139082670211791992e-01	5.492388010025024414e-01	-6.589082479476928711e-01
-4.922601282596588135e-01	5.561476945877075195e-01	-6.695510745048522949e-01
-4.978012144565582275e-01	5.607931017875671387e-01	-6.615329980850219727e-01
-5.575573444366455078e-01	6.119996905326843262e-01	-5.608126521110534668e-01
-4.559719264507293701e-01	5.606507658958435059e-01	-6.911417245864868164e-01
-4.213371276855468750e-01	5.373592972755432129e-01	-7.305052876472473145e-01
-4.524803161621093750e-01	5.533824563026428223e-01	-6.992512345314025879e-01
-4.525606036186218262e-01	5.459328889846801758e-01	-7.050291895866394043e-01
-4.026257693767547607e-01	5.381703972816467285e-01	-7.403941750526428223e-01
-3.897477090358734131e-01	5.189552903175354004e-01	-7.607252001762390137e-01
-3.981947004795074463e-01	5.291423797607421875e-01	-7.492482662200927734e-01
-4.239369630813598633e-01	5.326845645904541016e-01	-7.324272990226745605e-01
-4.072762131690979004e-01	5.614305138587951660e-01	-7.203086018562316895e-01
-4.549066126346588135e-01	5.824303627014160156e-01	-6.736160516738891602e-01
-4.645648896694183350e-01	5.893498659133911133e-01	-6.608881950378417969e-01
-4.459174573421478271e-01	5.963556170463562012e-01	-6.674145460128784180e-01
-3.986830413341522217e-01	5.657932162284851074e-01	-7.217001914978027344e-01
-5.380616188049316406e-01	6.213554143905639648e-01	-5.695043802261352539e-01
-4.024308621883392334e-01	5.682078003883361816e-01	-7.177110910415649414e-01
-4.003264307975769043e-01	5.510422587394714355e-01	-7.321300506591796875e-01
-4.254821836948394775e-01	5.709101557731628418e-01	-7.021046876907348633e-01
-4.360290765762329102e-01	6.078528761863708496e-01	-6.635642647743225098e-01
-3.966582119464874268e-01	5.633763074874877930e-01	-7.247015833854675293e-01
-4.275927245616912842e-01	5.968707799911499023e-01	-6.788495779037475586e-01
-3.892381191253662109e-01	5.714818835258483887e-01	-7.223749756813049316e-01
-4.008945822715759277e-01	5.681775808334350586e-01	-7.185973525047302246e-01
-3.644414842128753662e-01	5.497691035270690918e-01	-7.515715360641479492e-01
-4.037718176841735840e-01	6.023815274238586426e-01	-6.884989142417907715e-01
-4.405936002731323242e-01	6.117718219757080078e-01	-6.569153070449829102e-01
-4.781317412853240967e-01	6.399281024932861328e-01	-6.015067696571350098e-01
-4.314761459827423096e-01	6.391912102699279785e-01	-6.365444660186767578e-01
-4.327718615531921387e-01	6.460705995559692383e-01	-6.286699175834655762e-01
-3.699649870395660400e-01	5.859786868095397949e-01	-7.208868265151977539e-01
-3.726359605789184570e-01	5.794260501861572266e-01	-7.247998118400573730e-01
-3.853802382946014404e-01	5.900734663009643555e-01	-7.093803286552429199e-01
-4.215165972709655762e-01	6.273965239524841309e-01	-6.546936631202697754e-01
-4.196756184101104736e-01	6.065936684608459473e-01	-6.751613020896911621e-01
-4.105692803859710693e-01	6.274520754814147949e-01	-6.615610718727111816e-01
-3.765638768672943115e-01	6.096957325935363770e-01	-6.974217295646667480e-01
-3.995534181594848633e-01	6.481829881668090820e-01	-6.481829881668090820e-01
-3.479454517364501953e-01	5.860676169395446777e-01	-7.316979169845581055e-01
-3.722358942031860352e-01	5.943731069564819336e-01	-7.128016352653503418e-01
-3.487700819969177246e-01	5.491898655891418457e-01	-7.593904137611389160e-01
-3.190269768238067627e-01	5.263132452964782715e-01	-7.881249189376831055e-01
-4.047491252422332764e-01	6.550523638725280762e-01	-6.379752755165100098e-01
-3.453941941261291504e-01	5.877041220664978027e-01	-7.315949201583862305e-01
-3.610635101795196533e-01	6.359359025955200195e-01	-6.820150017738342285e-01
-3.801164031028747559e-01	6.455227732658386230e-01	-6.623722314834594727e-01
-4.045061171054840088e-01	6.621477603912353516e-01	-6.307627558708190918e-01
-5.277372598648071289e-01	7.897332906723022461e-01	-3.126366734504699707e-01
-3.578482270240783691e-01	6.611500382423400879e-01	-6.593518257141113281e-01
-3.390941023826599121e-01	6.214379072189331055e-01	-7.062255144119262695e-01
-3.084147274494171143e-01	5.652064085006713867e-01	-7.650803327560424805e-01
-3.232255280017852783e-01	6.184923052787780762e-01	-7.161836028099060059e-01
-3.234421312808990479e-01	6.002281308174133301e-01	-7.314623594284057617e-01
-3.724774718284606934e-01	6.494507193565368652e-01	-6.628723144531250000e-01
-5.653777718544006348e-01	7.907611131668090820e-01	-2.343924343585968018e-01
-3.649990260601043701e-01	7.051425576210021973e-01	-6.078408956527709961e-01
-3.063866794109344482e-01	5.723887085914611816e-01	-7.605392932891845703e-01
-3.670022785663604736e-01	6.422273516654968262e-01	-6.728907227516174316e-01
-3.318990170955657959e-01	6.075845360755920410e-01	-7.215338349342346191e-01
-2.983251810073852539e-01	5.434080362319946289e-01	-7.846238017082214355e-01
-3.400658369064331055e-01	6.099627614021301270e-01	-7.157011628150939941e-01
-3.234724104404449463e-01	6.136573553085327148e-01	-7.202205657958984375e-01
-3.317799866199493408e-01	6.279289722442626953e-01	-7.039562463760375977e-01
-3.911057114601135254e-01	6.809419989585876465e-01	-6.190972924232482910e-01
-3.444215059280395508e-01	6.522234678268432617e-01	-6.752068996429443359e-01
-3.453686833381652832e-01	6.452511548995971680e-01	-6.813924312591552734e-01
-3.150483369827270508e-01	6.168934106826782227e-01	-7.211883068084716797e-01
-4.152598381042480469e-01	7.544348835945129395e-01	-5.082463026046752930e-01
-3.391112983226776123e-01	6.376822590827941895e-01	-6.915838122367858887e-01
-3.018103837966918945e-01	5.765208005905151367e-01	-7.592487931251525879e-01
-3.361253738403320312e-01	6.728077530860900879e-01	-6.589951515197753906e-01
-2.955619394779205322e-01	5.992780923843383789e-01	-7.439314126968383789e-01
-2.928220331668853760e-01	5.609300136566162109e-01	-7.742981314659118652e-01
-3.365405201911926270e-01	6.719868183135986328e-01	-6.596216559410095215e-01
-3.217416107654571533e-01	6.482221484184265137e-01	-6.900829672813415527e-01
-3.141427338123321533e-01	6.547087430953979492e-01	-6.874554157257080078e-01
-3.112269937992095947e-01	6.498246192932128906e-01	-6.933895945549011230e-01
-3.043192327022552490e-01	6.393812298774719238e-01	-7.060482501983642578e-01
-3.026175200939178467e-01	6.079669594764709473e-01	-7.339769601821899414e-01
-3.176958858966827393e-01	6.827989816665649414e-01	-6.578596234321594238e-01
-3.046678006649017334e-01	6.074607372283935547e-01	-7.335463762283325195e-01
-2.793450057506561279e-01	5.575459003448486328e-01	-7.816855311393737793e-01
-3.224556446075439453e-01	6.384280323982238770e-01	-6.988244652748107910e-01
-2.893040180206298828e-01	5.935301780700683594e-01	-7.509643435478210449e-01
-2.617608010768890381e-01	5.704762935638427734e-01	-7.784348726272583008e-01
-2.784353494644165039e-01	5.835357308387756348e-01	-7.628104686737060547e-01
-2.745236456394195557e-01	6.020142436027526855e-01	-7.497578859329223633e-01
-2.962032854557037354e-01	6.624351143836975098e-01	-6.880157589912414551e-01
-2.938550412654876709e-01	6.652709841728210449e-01	-6.862820982933044434e-01
-3.023793995380401611e-01	6.326119303703308105e-01	-7.129435539245605469e-01
-2.836408019065856934e-01	6.678785681724548340e-01	-6.880454421043395996e-01
-3.353338241577148438e-01	8.176386952400207520e-01	-4.679076671600341797e-01
-3.196851015090942383e-01	7.178235054016113281e-01	-6.184251308441162109e-01
-2.963126003742218018e-01	6.654822230339050293e-01	-6.850206255912780762e-01
-3.037520945072174072e-01	7.221731543540954590e-01	-6.213851571083068848e-01
-2.948098182678222656e-01	6.728888750076293945e-01	-6.783993244171142578e-01
-2.689020931720733643e-01	5.899986624717712402e-01	-7.612580657005310059e-01
-2.708533406257629395e-01	5.886398553848266602e-01	-7.616189122200012207e-01
-2.826202809810638428e-01	6.259989738464355469e-01	-7.267546653747558594e-01
-2.813325524330139160e-01	6.571441888809204102e-01	-6.992388367652893066e-01
-2.900843918323516846e-01	6.292725205421447754e-01	-7.209638357162475586e-01
-2.723905146121978760e-01	6.136186718940734863e-01	-7.410786151885986328e-01
-2.709778249263763428e-01	6.091803312301635742e-01	-7.452467679977416992e-01
-2.626437842845916748e-01	5.701490640640258789e-01	-7.783764600753784180e-01
-2.719941735267639160e-01	6.242564916610717773e-01	-7.322875261306762695e-01
-2.605260610580444336e-01	6.698914170265197754e-01	-6.951941251754760742e-01
-2.584901750087738037e-01	5.780143737792968750e-01	-7.739534378051757812e-01
-2.546007931232452393e-01	6.425074934959411621e-01	-7.226940989494323730e-01
-2.618274688720703125e-01	6.330177187919616699e-01	-7.284616827964782715e-01
-2.362714856863021851e-01	6.601438522338867188e-01	-7.129553556442260742e-01
-2.427628040313720703e-01	6.377951502799987793e-01	-7.308937907218933105e-01
-2.474650293588638306e-01	6.192343235015869141e-01	-7.451395988464355469e-01
-2.511022984981536865e-01	6.490487456321716309e-01	-7.180574536323547363e-01
-2.485575377941131592e-01	6.490113735198974609e-01	-7.189757227897644043e-01
-2.378422468900680542e-01	5.719778537750244141e-01	-7.849797010421752930e-01
-2.333157807588577271e-01	6.716068387031555176e-01	-7.031588554382324219e-01
-2.439556568861007690e-01	6.097748279571533203e-01	-7.540447711944580078e-01
-2.092085629701614380e-01	6.209506392478942871e-01	-7.553644180297851562e-01
-2.459362745285034180e-01	6.448038816452026367e-01	-7.236484885215759277e-01
-2.338724583387374878e-01	6.342921853065490723e-01	-7.368178367614746094e-01
-2.237587273120880127e-01	6.119300127029418945e-01	-7.585499882698059082e-01
-2.317184060811996460e-01	6.037964820861816406e-01	-7.626664042472839355e-01
-2.270410656929016113e-01	6.335369944572448730e-01	-7.395991683006286621e-01
-2.232138663530349731e-01	6.202491521835327148e-01	-7.519252300262451172e-01
-2.294141799211502075e-01	6.147130727767944336e-01	-7.546011209487915039e-01
-2.246067672967910767e-01	6.093457341194152832e-01	-7.603782415390014648e-01
-2.047135531902313232e-01	6.496110558509826660e-01	-7.321364283561706543e-01
-2.013829648494720459e-01	7.383126616477966309e-01	-6.436346769332885742e-01
-2.183108180761337280e-01	6.884675025939941406e-01	-6.915767192840576172e-01
-2.048268914222717285e-01	6.613529324531555176e-01	-7.215157151222229004e-01
-2.015719413757324219e-01	5.786728262901306152e-01	-7.902104854583740234e-01
-1.886397749185562134e-01	6.537000536918640137e-01	-7.328157424926757812e-01
-1.760637611150741577e-01	6.596067547798156738e-01	-7.306481003761291504e-01
-1.784429848194122314e-01	6.178886890411376953e-01	-7.656991481781005859e-01
-1.724984496831893921e-01	6.926282048225402832e-01	-7.003118991851806641e-01
-1.480502039194107056e-01	6.462851762771606445e-01	-7.485454678535461426e-01
-8.700411766767501831e-02	8.611551523208618164e-01	-5.007658004760742188e-01
-1.214707419276237488e-01	8.171569108963012695e-01	-5.634058713912963867e-01
-1.499799638986587524e-01	6.713176369667053223e-01	-7.257849574089050293e-01
-1.488658636808395386e-01	6.513909697532653809e-01	-7.439455389976501465e-01
-1.661986857652664185e-01	6.140238642692565918e-01	-7.715437412261962891e-01
-1.564569920301437378e-01	6.529124379158020020e-01	-7.410477995872497559e-01
-1.499547809362411499e-01	6.233243942260742188e-01	-7.674028873443603516e-01
-1.234191432595252991e-01	6.765354275703430176e-01	-7.259452939033508301e-01
-1.476210355758666992e-01	6.582167744636535645e-01	-7.381616830825805664e-01
-1.648164242506027222e-01	6.166923642158508301e-01	-7.697079777717590332e-01
-1.473501026630401611e-01	6.322496533393859863e-01	-7.605742812156677246e-01
-1.178675964474678040e-01	7.009680271148681641e-01	-7.033340334892272949e-01
-1.363832354545593262e-01	6.796750426292419434e-01	-7.206720113754272461e-01
-1.495670676231384277e-01	6.513226628303527832e-01	-7.438645362854003906e-01
-1.526967138051986694e-01	6.611431241035461426e-01	-7.345070242881774902e-01
-1.424599587917327881e-01	7.233811616897583008e-01	-6.755393147468566895e-01
-1.679581105709075928e-01	6.174930930137634277e-01	-7.683859467506408691e-01
-1.635408997535705566e-01	5.724773406982421875e-01	-8.033981919288635254e-01
-1.335748136043548584e-01	7.082495093345642090e-01	-6.931568980216979980e-01
-1.460227370262145996e-01	6.724627017974853516e-01	-7.255309820175170898e-01
-1.294887512922286987e-01	6.978375315666198730e-01	-7.044009566307067871e-01
-1.332195401191711426e-01	6.532127261161804199e-01	-7.453123331069946289e-01
-1.395684629678726196e-01	6.819464564323425293e-01	-7.179095745086669922e-01
-1.545024961233139038e-01	6.188941001892089844e-01	-7.700811028480529785e-01
-1.425906419754028320e-01	6.469621658325195312e-01	-7.490224838256835938e-01
-1.425840854644775391e-01	6.123057603836059570e-01	-7.776092886924743652e-01
-1.089798286557197571e-01	7.089214920997619629e-01	-6.967635154724121094e-01
-1.270104348659515381e-01	6.401952505111694336e-01	-7.575904726982116699e-01
-1.172516942024230957e-01	6.681818366050720215e-01	-7.346489429473876953e-01
-1.320333629846572876e-01	6.488180756568908691e-01	-7.493516802787780762e-01
-1.289742588996887207e-01	6.410909891128540039e-01	-7.565007209777832031e-01
-1.150277256965637207e-01	7.247555255889892578e-01	-6.792832016944885254e-01
-1.205731853842735291e-01	6.681465506553649902e-01	-7.341445088386535645e-01
-1.186634451150894165e-01	6.727920770645141602e-01	-7.302027940750122070e-01
-1.122329384088516235e-01	6.431036591529846191e-01	-7.574605345726013184e-01
-1.273673623800277710e-01	6.371123790740966797e-01	-7.601258158683776855e-01
-8.794867247343063354e-02	7.361100912094116211e-01	-6.710687279701232910e-01
-1.274261921644210815e-01	6.213930249214172363e-01	-7.730183601379394531e-01
-1.125597283244132996e-01	6.044076085090637207e-01	-7.886364459991455078e-01
-1.051270738244056702e-01	6.024589538574218750e-01	-7.911486029624938965e-01
-1.022510677576065063e-01	6.631712317466735840e-01	-7.414014339447021484e-01
-9.509767591953277588e-02	6.371263861656188965e-01	-7.648209333419799805e-01
-3.046883735805749893e-03	8.166756033897399902e-01	-5.770244002342224121e-01
4.690319895744323730e-01	-3.262212267145514488e-04	8.831698298454284668e-01
3.443614840507507324e-01	8.584971427917480469e-01	-3.798040151596069336e-01
-1.141320914030075073e-01	5.514978170394897461e-01	-8.262826204299926758e-01
-9.277898073196411133e-02	6.156899333000183105e-01	-7.824600338935852051e-01
-9.310821443796157837e-02	6.169795393943786621e-01	-7.814046740531921387e-01
-8.377552777528762817e-02	6.584183573722839355e-01	-7.479275465011596680e-01
-9.156946092844009399e-02	7.006958723068237305e-01	-7.075072526931762695e-01
-9.336625039577484131e-02	6.761155128479003906e-01	-7.308061122894287109e-01
-8.309286832809448242e-02	6.447232961654663086e-01	-7.598361968994140625e-01
-5.191794410347938538e-02	6.804153323173522949e-01	-7.309358716011047363e-01
-9.376449137926101685e-02	6.285022497177124023e-01	-7.720876932144165039e-01
-6.085604429244995117e-02	7.311807870864868164e-01	-6.794077754020690918e-01
-1.851727813482284546e-02	7.281258702278137207e-01	-6.851392984390258789e-01
-1.002720743417739868e-01	5.794929265975952148e-01	-8.087364435195922852e-01
-1.107269749045372009e-01	5.847477912902832031e-01	-8.035771250724792480e-01
-1.184608861804008484e-01	5.505408048629760742e-01	-8.263151049613952637e-01
-5.146281793713569641e-02	6.750032305717468262e-01	-7.359676957130432129e-01
-1.098884642124176025e-01	5.632491111755371094e-01	-8.189010620117187500e-01
-4.770138859748840332e-02	6.462936997413635254e-01	-7.615503072738647461e-01
-7.829509675502777100e-02	6.103318333625793457e-01	-7.882192134857177734e-01
-8.696138113737106323e-02	5.926014780998229980e-01	-8.007421493530273438e-01
-5.763442814350128174e-02	6.017054915428161621e-01	-7.965919971466064453e-01
-1.123401895165443420e-01	5.660112500190734863e-01	-8.166624307632446289e-01
-6.712668389081954956e-02	6.102038621902465820e-01	-7.893502116203308105e-01
-9.723449498414993286e-02	5.792573690414428711e-01	-8.092780709266662598e-01
-9.600874781608581543e-02	5.969263315200805664e-01	-7.964846491813659668e-01
-8.710532635450363159e-02	5.764075517654418945e-01	-8.124601840972900391e-01
-8.066143095493316650e-02	5.671315789222717285e-01	-8.196223974227905273e-01
-8.877044916152954102e-02	5.381993055343627930e-01	-8.380840420722961426e-01
-7.324530184268951416e-02	5.701473951339721680e-01	-8.182232975959777832e-01
6.990454858168959618e-04	7.013039588928222656e-01	-7.128112912178039551e-01
-4.741410911083221436e-02	6.472214460372924805e-01	-7.607784867286682129e-01
-7.449657469987869263e-02	6.032405495643615723e-01	-7.940244078636169434e-01
-7.782022655010223389e-02	5.552367568016052246e-01	-8.279982805252075195e-01
-9.927971661090850830e-02	5.459544658660888672e-01	-8.318665623664855957e-01
-6.807889044284820557e-02	5.825137495994567871e-01	-8.099192380905151367e-01
-1.119531467556953430e-01	4.965617954730987549e-01	-8.607071042060852051e-01
-5.179672315716743469e-02	5.799525976181030273e-01	-8.129578232765197754e-01
-7.615870982408523560e-02	5.608516335487365723e-01	-8.243595957756042480e-01
-9.580057114362716675e-02	5.259920954704284668e-01	-8.450328111648559570e-01
-8.865291625261306763e-02	5.086643099784851074e-01	-8.563446998596191406e-01
-7.925494015216827393e-02	5.512523055076599121e-01	-8.305211663246154785e-01
-5.053172633051872253e-02	5.892964601516723633e-01	-8.062888979911804199e-01
-7.100608199834823608e-02	5.724253654479980469e-01	-8.168291449546813965e-01
-5.465179681777954102e-02	5.976067185401916504e-01	-7.998786568641662598e-01
-3.007458709180355072e-02	5.765282511711120605e-01	-8.164793252944946289e-01
-1.667957194149494171e-02	6.516368985176086426e-01	-7.582998275756835938e-01
-6.868545711040496826e-02	5.727345347404479980e-01	-8.168122172355651855e-01
-5.755042657256126404e-02	5.842206478118896484e-01	-8.095054030418395996e-01
-5.215409025549888611e-02	5.967041850090026855e-01	-8.007186651229858398e-01
-4.907703772187232971e-02	5.793785452842712402e-01	-8.135333061218261719e-01
-3.222664818167686462e-02	5.916567444801330566e-01	-8.054991960525512695e-01
-2.415924705564975739e-02	6.299300193786621094e-01	-7.762276530265808105e-01
5.437418818473815918e-02	7.643035650253295898e-01	-6.425008177757263184e-01
1.667335778474807739e-01	7.844513654708862305e-01	-5.972946286201477051e-01
2.587825525552034378e-03	6.272448301315307617e-01	-7.787702679634094238e-01
-3.991301357746124268e-02	5.758566856384277344e-01	-8.165310621261596680e-01
-4.260093346238136292e-02	5.698412656784057617e-01	-8.206058144569396973e-01
-5.153609439730644226e-02	5.614237189292907715e-01	-8.258781433105468750e-01
-4.592268168926239014e-02	5.578238964080810547e-01	-8.286445140838623047e-01
-3.288037329912185669e-02	5.363301038742065430e-01	-8.433237075805664062e-01
-6.218685954809188843e-02	5.288714766502380371e-01	-8.463756442070007324e-01
-1.869672536849975586e-02	5.300390124320983887e-01	-8.477253913879394531e-01
-4.181706160306930542e-02	5.350338220596313477e-01	-8.437504172325134277e-01
-5.433861538767814636e-02	5.395633578300476074e-01	-8.401460051536560059e-01
-5.791871249675750732e-02	5.256569981575012207e-01	-8.486797809600830078e-01
-2.252210490405559540e-02	5.472037196159362793e-01	-8.366544842720031738e-01
-1.411728840321302414e-02	5.728992223739624023e-01	-8.194593191146850586e-01
-1.841723173856735229e-02	5.612554550170898438e-01	-8.273927569389343262e-01
-3.808387089520692825e-03	5.779917240142822266e-01	-8.159883022308349609e-01
-4.495030641555786133e-02	5.238330364227294922e-01	-8.505893349647521973e-01
-4.013152047991752625e-02	5.385844707489013672e-01	-8.415720462799072266e-01
-1.660356670618057251e-02	5.460491180419921875e-01	-8.375458121299743652e-01
-2.652387134730815887e-02	5.424104332923889160e-01	-8.396514058113098145e-01
3.679430112242698669e-03	5.907817482948303223e-01	-8.067798018455505371e-01
-2.547593414783477783e-02	5.495993494987487793e-01	-8.349956870079040527e-01
-2.527130022644996643e-02	5.307518839836120605e-01	-8.471071124076843262e-01
-4.430107027292251587e-02	5.202257633209228516e-01	-8.528362512588500977e-01
-5.042304843664169312e-02	4.980628490447998047e-01	-8.656316995620727539e-01
-2.387357130646705627e-02	5.209266543388366699e-01	-8.532253503799438477e-01
1.779406219720840454e-01	6.809740066528320312e-01	-7.103111743927001953e-01
-1.702470146119594574e-02	5.286085605621337891e-01	-8.486505150794982910e-01
-1.473989523947238922e-02	5.331852436065673828e-01	-8.458261489868164062e-01
-4.062250256538391113e-02	4.923517405986785889e-01	-8.694029450416564941e-01
-4.991287738084793091e-02	4.843270480632781982e-01	-8.734180331230163574e-01
5.377776455134153366e-03	5.407409071922302246e-01	-8.411281704902648926e-01
-5.020600929856300354e-02	4.811846613883972168e-01	-8.751356005668640137e-01
8.867374621331691742e-03	5.393126010894775391e-01	-8.420150279998779297e-01
-3.756774216890335083e-02	5.154337882995605469e-01	-8.560625910758972168e-01
4.861045163124799728e-03	5.347149968147277832e-01	-8.449764847755432129e-01
-6.813718378543853760e-02	4.630284607410430908e-01	-8.836760520935058594e-01
9.482208639383316040e-02	5.917154550552368164e-01	-8.005058765411376953e-01
6.831338256597518921e-02	5.868454575538635254e-01	-8.067684769630432129e-01
5.629493668675422668e-02	5.472875833511352539e-01	-8.350051045417785645e-01
6.929429713636636734e-03	5.296921133995056152e-01	-8.481185436248779297e-01
-5.640753079205751419e-03	5.284436345100402832e-01	-8.489054441452026367e-01
3.867771103978157043e-02	5.420296788215637207e-01	-8.394255042076110840e-01
-2.687868848443031311e-02	4.967410266399383545e-01	-8.674381375312805176e-01
1.482585445046424866e-02	5.109304189682006836e-01	-8.594502806663513184e-01
3.558555617928504944e-02	5.616399049758911133e-01	-8.265725374221801758e-01
1.987560093402862549e-02	5.153017044067382812e-01	-8.567341566085815430e-01
2.955836430191993713e-02	5.148947238922119141e-01	-8.567008376121520996e-01
1.029935199767351151e-02	5.318409800529479980e-01	-8.467381596565246582e-01
-2.957820333540439606e-02	4.871302545070648193e-01	-8.727844953536987305e-01
6.128985551185905933e-04	4.816268086433410645e-01	-8.763334751129150391e-01
2.673654817044734955e-02	4.821309149265289307e-01	-8.756492733955383301e-01
1.210691593587398529e-02	4.874154627323150635e-01	-8.730431199073791504e-01
-4.673629254102706909e-02	4.470725059509277344e-01	-8.932331204414367676e-01
2.666519396007061005e-02	4.987959563732147217e-01	-8.662672042846679688e-01
3.395655006170272827e-02	4.842796623706817627e-01	-8.742102384567260742e-01
1.806661486625671387e-02	4.937848746776580811e-01	-8.693547248840332031e-01
1.501233503222465515e-02	4.864671230316162109e-01	-8.735266923904418945e-01
1.452217809855937958e-02	4.806894958019256592e-01	-8.767292499542236328e-01
6.459918618202209473e-02	5.087398886680603027e-01	-8.584489226341247559e-01
5.009742826223373413e-02	4.610135257244110107e-01	-8.859334588050842285e-01
1.295888125896453857e-01	4.881178736686706543e-01	-8.630614876747131348e-01
-3.071276098489761353e-02	4.229792654514312744e-01	-9.055739045143127441e-01
-7.514479802921414375e-04	4.435855150222778320e-01	-8.961884379386901855e-01
3.716841340065002441e-02	4.684222936630249023e-01	-8.826801180839538574e-01
4.977563768625259399e-02	4.466417431831359863e-01	-8.932834863662719727e-01
3.928690031170845032e-02	4.438511431217193604e-01	-8.951963186264038086e-01
5.312530323863029480e-02	4.620173275470733643e-01	-8.852359056472778320e-01
8.001287281513214111e-02	4.611774384975433350e-01	-8.836499452590942383e-01
2.648580586537718773e-03	4.230819642543792725e-01	-9.060449004173278809e-01
3.797861281782388687e-03	4.171979129314422607e-01	-9.087658524513244629e-01
6.605852395296096802e-02	4.513813257217407227e-01	-8.898406028747558594e-01
5.445371940732002258e-02	4.446200430393218994e-01	-8.940197229385375977e-01
1.703641265630722046e-01	4.984537959098815918e-01	-8.499711155891418457e-01
1.060557141900062561e-01	4.568297266960144043e-01	-8.831670284271240234e-01
6.904491037130355835e-02	4.546408653259277344e-01	-8.879534602165222168e-01
6.783197820186614990e-02	4.514108896255493164e-01	-8.896930217742919922e-01
6.593219190835952759e-02	4.574278891086578369e-01	-8.867587447166442871e-01
4.009859636425971985e-02	4.283866882324218750e-01	-9.026640057563781738e-01
5.718209967017173767e-02	4.396323859691619873e-01	-8.963142037391662598e-01
5.823868885636329651e-02	4.385476112365722656e-01	-8.967784643173217773e-01
3.225111216306686401e-02	4.203083813190460205e-01	-9.067672491073608398e-01
5.477428808808326721e-02	4.225445091724395752e-01	-9.046452045440673828e-01
1.089905276894569397e-01	4.681987464427947998e-01	-8.768364787101745605e-01
5.741410702466964722e-02	4.386634528636932373e-01	-8.967744708061218262e-01
9.970216751098632812e-01	-7.191454619169235229e-02	2.690995857119560242e-02
8.421357274055480957e-01	4.185191690921783447e-01	-3.399663567543029785e-01
9.027387201786041260e-02	4.287042915821075439e-01	-8.988753557205200195e-01
1.228535026311874390e-01	4.601422250270843506e-01	-8.792655467987060547e-01
5.841582268476486206e-02	4.173957407474517822e-01	-9.068050384521484375e-01
-3.824928030371665955e-02	3.749458491802215576e-01	-9.262157678604125977e-01
1.129448413848876953e-01	4.452483654022216797e-01	-8.882160186767578125e-01
7.755252718925476074e-02	4.091675579547882080e-01	-9.091178178787231445e-01
1.198136433959007263e-01	4.261530041694641113e-01	-8.966432213783264160e-01
2.523402571678161621e-01	4.154790937900543213e-01	-8.738565444946289062e-01
4.553902894258499146e-02	3.929973542690277100e-01	-9.183704257011413574e-01
1.096247583627700806e-01	4.057674705982208252e-01	-9.073396921157836914e-01
9.765083342790603638e-02	4.110406637191772461e-01	-9.063332080841064453e-01
2.694597654044628143e-02	3.923066556453704834e-01	-9.193989634513854980e-01
1.019035801291465759e-01	4.023994207382202148e-01	-9.097356200218200684e-01
1.085077002644538879e-01	4.057958126068115234e-01	-9.074592590332031250e-01
1.274883449077606201e-01	3.910685777664184570e-01	-9.114504456520080566e-01
1.087330058217048645e-01	3.987732827663421631e-01	-9.105426073074340820e-01
4.480482265353202820e-02	3.927230834960937500e-01	-9.185255765914916992e-01
7.685420662164688110e-02	4.065801799297332764e-01	-9.103383421897888184e-01
6.337634474039077759e-02	3.974886834621429443e-01	-9.153763055801391602e-01
7.118506729602813721e-02	4.012930691242218018e-01	-9.131399393081665039e-01
9.460280090570449829e-02	4.063198268413543701e-01	-9.087811112403869629e-01
6.340174376964569092e-02	3.878189623355865479e-01	-9.195131659507751465e-01
1.080852076411247253e-01	4.117380678653717041e-01	-9.048306345939636230e-01
8.566001057624816895e-02	3.918489813804626465e-01	-9.159938693046569824e-01
8.313836157321929932e-02	3.779399394989013672e-01	-9.220513105392456055e-01
1.197154447436332703e-01	3.982255160808563232e-01	-9.094037413597106934e-01
7.502728700637817383e-02	3.833108246326446533e-01	-9.205290675163269043e-01
6.463376432657241821e-02	3.763744235038757324e-01	-9.241712093353271484e-01
9.787356108427047729e-02	3.699516952037811279e-01	-9.238435626029968262e-01
6.671025604009628296e-02	3.674708604812622070e-01	-9.276005029678344727e-01
3.242622613906860352e-01	4.216665029525756836e-01	-8.467489480972290039e-01
1.262192428112030029e-01	3.835991024971008301e-01	-9.147941470146179199e-01
1.055014804005622864e-01	3.768586516380310059e-01	-9.202044606208801270e-01
3.035599365830421448e-02	3.714082539081573486e-01	-9.279347658157348633e-01
1.489327549934387207e-01	3.859231770038604736e-01	-9.103930592536926270e-01
1.052548140287399292e-01	3.713055551052093506e-01	-9.224880337715148926e-01
8.896837383508682251e-02	3.828150033950805664e-01	-9.194935560226440430e-01
9.308302998542785645e-01	1.084976345300674438e-01	-3.488683998584747314e-01
8.902965784072875977e-01	1.688416749238967896e-01	-4.228451848030090332e-01
2.031381428241729736e-01	3.527266383171081543e-01	-9.133661389350891113e-01
7.953032106161117554e-02	3.838731050491333008e-01	-9.199175834655761719e-01
8.145935088396072388e-02	3.690331876277923584e-01	-9.258018732070922852e-01
4.383571818470954895e-02	3.528723418712615967e-01	-9.346066713333129883e-01
9.140889346599578857e-02	3.847860097885131836e-01	-9.184322953224182129e-01
2.519649565219879150e-01	4.398658275604248047e-01	-8.619531393051147461e-01
3.460861742496490479e-02	3.629496097564697266e-01	-9.311261177062988281e-01
1.376371681690216064e-01	3.664551675319671631e-01	-9.201620817184448242e-01
1.490571796894073486e-01	3.561640083789825439e-01	-9.224219918251037598e-01
6.861792504787445068e-02	3.584289550781250000e-01	-9.309949278831481934e-01
8.314748853445053101e-02	3.529588282108306885e-01	-9.319004416465759277e-01
7.568935304880142212e-02	3.728103041648864746e-01	-9.247789382934570312e-01
7.189826667308807373e-02	3.529090881347656250e-01	-9.328546524047851562e-01
8.084154129028320312e-02	3.604249358177185059e-01	-9.292414188385009766e-01
6.085727363824844360e-02	3.493431806564331055e-01	-9.349797964096069336e-01
9.057001024484634399e-02	3.279964923858642578e-01	-9.402906894683837891e-01
5.248833075165748596e-02	3.314839899539947510e-01	-9.419636726379394531e-01
9.693887084722518921e-02	3.190052211284637451e-01	-9.427467584609985352e-01
6.198599562048912048e-02	3.633834719657897949e-01	-9.295389652252197266e-01
1.868512108922004700e-02	3.452347815036773682e-01	-9.382932782173156738e-01
3.270884975790977478e-02	3.591971695423126221e-01	-9.326522946357727051e-01
1.302605494856834412e-02	3.520040810108184814e-01	-9.358718991279602051e-01
7.077937014400959015e-03	3.278256058692932129e-01	-9.446754455566406250e-01
7.519512623548507690e-02	3.426376283168792725e-01	-9.364181160926818848e-01
7.266696542501449585e-02	3.357403874397277832e-01	-9.391115903854370117e-01
7.391159981489181519e-02	3.392989039421081543e-01	-9.377348423004150391e-01
8.590785413980484009e-02	3.333283364772796631e-01	-9.388536214828491211e-01
7.032454013824462891e-01	-5.677005052566528320e-01	4.279426634311676025e-01
5.453937649726867676e-01	3.466385602951049805e-01	-7.630780339241027832e-01
6.790036708116531372e-02	3.500640988349914551e-01	-9.342227578163146973e-01
2.665423974394798279e-02	3.191359937191009521e-01	-9.472977519035339355e-01
7.948036491870880127e-02	3.310782015323638916e-01	-9.402149319648742676e-01
4.695296660065650940e-02	3.302794396877288818e-01	-9.426788687705993652e-01
6.567671149969100952e-02	3.432716131210327148e-01	-9.369014501571655273e-01
3.632154688239097595e-02	3.458420932292938232e-01	-9.375531077384948730e-01
8.754760026931762695e-02	3.460168242454528809e-01	-9.340998530387878418e-01
2.999036200344562531e-02	3.138166666030883789e-01	-9.489734172821044922e-01
5.677457898855209351e-02	3.064743876457214355e-01	-9.501494169235229492e-01
6.418311595916748047e-02	3.061794340610504150e-01	-9.497730731964111328e-01
5.102929100394248962e-02	3.107829093933105469e-01	-9.490746855735778809e-01
3.098680637776851654e-02	3.155645132064819336e-01	-9.483632445335388184e-01
7.651316374540328979e-02	3.040554225444793701e-01	-9.495431184768676758e-01
7.498514652252197266e-02	2.944586575031280518e-01	-9.526833295822143555e-01
4.923343658447265625e-02	2.984988987445831299e-01	-9.531050920486450195e-01
9.823282808065414429e-02	3.071679472923278809e-01	-9.465379714965820312e-01
9.016453474760055542e-02	2.922106683254241943e-01	-9.520599246025085449e-01
5.921689048409461975e-02	2.957387268543243408e-01	-9.533968567848205566e-01
6.602764129638671875e-02	2.924357652664184570e-01	-9.539689421653747559e-01
3.004227392375469208e-02	2.817826271057128906e-01	-9.589731693267822266e-01
7.528780400753021240e-02	2.977225482463836670e-01	-9.516454339027404785e-01
3.743910789489746094e-02	2.939809560775756836e-01	-9.550430178642272949e-01
5.525410175323486328e-02	2.950783371925354004e-01	-9.538397789001464844e-01
-1.572510413825511932e-02	2.956720292568206787e-01	-9.551248550415039062e-01
3.504892066121101379e-02	2.838275432586669922e-01	-9.582002162933349609e-01
1.418962841853499413e-03	2.920022904872894287e-01	-9.563809633255004883e-01
1.090254634618759155e-01	2.932677865028381348e-01	-9.497589468955993652e-01
7.810775190591812134e-02	2.599402964115142822e-01	-9.624267220497131348e-01
5.167889222502708435e-02	2.644399106502532959e-01	-9.629825353622436523e-01
9.812571108341217041e-02	2.641228735446929932e-01	-9.594513773918151855e-01
1.781799457967281342e-02	2.804703116416931152e-01	-9.596621990203857422e-01
6.129239499568939209e-02	2.681060433387756348e-01	-9.614039659500122070e-01
6.138892099261283875e-02	2.549485266208648682e-01	-9.649705886840820312e-01
1.020949482917785645e-01	2.611446678638458252e-01	-9.598525762557983398e-01
2.515081763267517090e-01	-3.121857941150665283e-01	9.161231517791748047e-01
9.804136157035827637e-01	1.966319680213928223e-01	-1.464670174755156040e-03
1.240854412317276001e-01	2.862570583820343018e-01	-9.500447511672973633e-01
3.783436492085456848e-02	2.655863165855407715e-01	-9.633097052574157715e-01
1.871621934697031975e-03	2.776895761489868164e-01	-9.606345891952514648e-01
5.719763785600662231e-02	2.521543204784393311e-01	-9.659614562988281250e-01
5.829536169767379761e-02	2.451646476984024048e-01	-9.676931500434875488e-01
7.722889631986618042e-02	2.333707958459854126e-01	-9.692827463150024414e-01
3.217977285385131836e-02	2.431253790855407715e-01	-9.694276452064514160e-01
1.643144898116588593e-02	2.743208110332489014e-01	-9.614632129669189453e-01
2.468902245163917542e-02	2.578521370887756348e-01	-9.658345580101013184e-01
7.138825953006744385e-02	2.349584102630615234e-01	-9.693471789360046387e-01
6.983114033937454224e-02	2.333215773105621338e-01	-9.698553085327148438e-01
5.990201607346534729e-02	2.376081496477127075e-01	-9.694793820381164551e-01
3.888386115431785583e-02	2.568236291408538818e-01	-9.656409025192260742e-01
5.933234468102455139e-02	2.358703911304473877e-01	-9.699379205703735352e-01
5.910321325063705444e-02	2.207436263561248779e-01	-9.735078215599060059e-01
7.792254537343978882e-02	2.161275893449783325e-01	-9.732165336608886719e-01
3.357594609260559082e-01	3.321762010455131531e-02	-9.413273334503173828e-01
7.295652031898498535e-01	-6.634881496429443359e-01	1.657871156930923462e-01
4.049095511436462402e-01	1.854932010173797607e-01	-8.952914476394653320e-01
2.675610221922397614e-02	2.642165124416351318e-01	-9.640557765960693359e-01
1.148453075438737869e-02	2.474301010370254517e-01	-9.688021540641784668e-01
1.902433671057224274e-02	2.390935868024826050e-01	-9.707764387130737305e-01
4.826717544347047806e-03	2.383433133363723755e-01	-9.711355566978454590e-01
6.458909809589385986e-02	2.166921347379684448e-01	-9.740682244300842285e-01
7.738187909126281738e-02	2.150131165981292725e-01	-9.735078215599060059e-01
-1.062110159546136856e-02	2.450577765703201294e-01	-9.694169163703918457e-01
3.495398536324501038e-02	2.193056941032409668e-01	-9.749961495399475098e-01
4.542632773518562317e-02	2.000442594289779663e-01	-9.787011146545410156e-01
9.535716474056243896e-02	1.635230034589767456e-01	-9.818881154060363770e-01
4.642914608120918274e-02	2.057183235883712769e-01	-9.774760603904724121e-01
2.999054826796054840e-02	2.018594592809677124e-01	-9.789223074913024902e-01
1.960611715912818909e-02	1.963467001914978027e-01	-9.803058505058288574e-01
4.575690254569053650e-03	2.180754542350769043e-01	-9.758876562118530273e-01
3.523539379239082336e-02	2.060810178518295288e-01	-9.778670072555541992e-01
3.361219912767410278e-02	1.862477660179138184e-01	-9.818951487541198730e-01
7.068561855703592300e-03	1.744502633810043335e-01	-9.846090674400329590e-01
6.811006367206573486e-02	1.736411899328231812e-01	-9.824191331863403320e-01
7.012030482292175293e-02	1.481465548276901245e-01	-9.864457845687866211e-01
5.913295783102512360e-03	1.813100278377532959e-01	-9.833763837814331055e-01
4.032167792320251465e-02	1.664894968271255493e-01	-9.851867556571960449e-01
9.332126379013061523e-02	1.301149278879165649e-01	-9.870659708976745605e-01
4.486368596553802490e-02	1.669346541166305542e-01	-9.849144220352172852e-01
7.750265300273895264e-02	1.102370023727416992e-01	-9.908453822135925293e-01
2.332313954830169678e-01	-2.991524040699005127e-01	9.252618551254272461e-01
9.600151777267456055e-01	-1.740755736827850342e-01	2.191031277179718018e-01
1.311843693256378174e-01	1.862123608589172363e-01	-9.736716747283935547e-01
7.393924053758382797e-03	1.934094876050949097e-01	-9.810569882392883301e-01
-6.273990031331777573e-03	1.857481300830841064e-01	-9.825448989868164062e-01
7.501531392335891724e-02	1.117857247591018677e-01	-9.908657073974609375e-01
3.931741788983345032e-02	1.670071631669998169e-01	-9.851401448249816895e-01
4.969997331500053406e-02	1.151638105511665344e-01	-9.920727610588073730e-01
5.875671505928039551e-01	-7.459145188331604004e-01	3.136098980903625488e-01
6.636671423912048340e-01	-1.925902962684631348e-01	-7.227545976638793945e-01
6.445177644491195679e-02	1.693931370973587036e-01	-9.834045171737670898e-01
2.238491922616958618e-02	1.571030914783477783e-01	-9.872975349426269531e-01
1.639948040246963501e-02	1.465080678462982178e-01	-9.890427589416503906e-01
-5.916135385632514954e-03	1.746156215667724609e-01	-9.845883250236511230e-01
-2.441144734621047974e-02	1.689819544553756714e-01	-9.852865934371948242e-01
-1.926423422992229462e-02	1.564327180385589600e-01	-9.874703884124755859e-01
5.342807155102491379e-03	1.495985984802246094e-01	-9.887005686759948730e-01
-2.030833810567855835e-02	1.719687730073928833e-01	-9.848612546920776367e-01
-3.763830289244651794e-02	1.762734949588775635e-01	-9.835891723632812500e-01
-1.825415529310703278e-02	1.716080754995346069e-01	-9.849637746810913086e-01
-3.043483383953571320e-02	1.752109974622726440e-01	-9.840283989906311035e-01
-3.957564756274223328e-02	1.850951611995697021e-01	-9.818911552429199219e-01
-2.631489187479019165e-02	1.663897037506103516e-01	-9.856780767440795898e-01
2.327080629765987396e-02	1.004457399249076843e-01	-9.946407675743103027e-01
1.245635095983743668e-03	1.256802827119827271e-01	-9.920409321784973145e-01
6.575736403465270996e-02	7.708586007356643677e-02	-9.948242902755737305e-01
-1.712794532068073750e-03	1.157673448324203491e-01	-9.932451248168945312e-01
-6.916079437360167503e-04	1.356416046619415283e-01	-9.907283782958984375e-01
-5.733652412891387939e-02	1.622763872146606445e-01	-9.850491881370544434e-01
8.295123698189854622e-04	9.182702004909515381e-02	-9.957466721534729004e-01
5.957179889082908630e-02	4.158249497413635254e-02	-9.973301887512207031e-01
6.107184290885925293e-02	3.179410472512245178e-02	-9.975999593734741211e-01
-9.524505585432052612e-03	9.786122292280197144e-02	-9.951268434524536133e-01
-2.662616781890392303e-02	9.339640289545059204e-02	-9.952452182769775391e-01
-5.489382520318031311e-02	1.254488825798034668e-01	-9.905533194541931152e-01
-3.937841579318046570e-02	1.219378784298896790e-01	-9.917275905609130859e-01
-4.214894399046897888e-02	1.380712389945983887e-01	-9.894966483116149902e-01
-4.748388379812240601e-02	1.374731659889221191e-01	-9.893381595611572266e-01
-6.211791932582855225e-02	1.507925987243652344e-01	-9.865835905075073242e-01
-4.511353000998497009e-02	1.188845857977867126e-01	-9.918555021286010742e-01
-5.562857165932655334e-02	1.254142373800277710e-01	-9.905164837837219238e-01
-5.849770084023475647e-02	1.074786633253097534e-01	-9.924593567848205566e-01
-3.819623962044715881e-02	7.227903604507446289e-02	-9.966280460357666016e-01
-2.213973551988601685e-02	8.286586403846740723e-02	-9.962880611419677734e-01
-3.034215047955513000e-02	8.535726368427276611e-02	-9.958613514900207520e-01
-1.758581772446632385e-02	8.911679685115814209e-02	-9.958400130271911621e-01
-4.285226017236709595e-02	8.992313593626022339e-02	-9.950013756752014160e-01
-4.638129100203514099e-02	9.789197891950607300e-02	-9.940912127494812012e-01
-5.004973337054252625e-02	8.787972480058670044e-02	-9.948482513427734375e-01
-6.039829552173614502e-02	1.064345315098762512e-01	-9.924573302268981934e-01
-5.497247725725173950e-02	8.824061602354049683e-02	-9.945570826530456543e-01
-5.542735010385513306e-02	8.966296166181564331e-02	-9.944038987159729004e-01
-6.172301992774009705e-02	1.121066957712173462e-01	-9.917501807212829590e-01
-5.578359216451644897e-02	1.149573475122451782e-01	-9.917768239974975586e-01
-8.081768453121185303e-02	1.235159337520599365e-01	-9.890208840370178223e-01
-5.500517413020133972e-02	8.307221531867980957e-02	-9.949980378150939941e-01
-6.594221293926239014e-02	8.620336651802062988e-02	-9.940676093101501465e-01
-6.591260433197021484e-02	7.909511774778366089e-02	-9.946618080139160156e-01
-5.915472283959388733e-02	9.302140027284622192e-02	-9.938820004463195801e-01
-6.953102350234985352e-02	9.247694909572601318e-02	-9.932606816291809082e-01
-7.820257544517517090e-02	8.923199772834777832e-02	-9.929136037826538086e-01
-6.329312920570373535e-02	8.928723633289337158e-02	-9.939685463905334473e-01
-9.505851566791534424e-02	1.216076463460922241e-01	-9.879921078681945801e-01
-8.540832996368408203e-02	9.239628165960311890e-02	-9.920306801795959473e-01
-8.462219685316085815e-02	8.226142078638076782e-02	-9.929891228675842285e-01
-8.323722332715988159e-02	9.660693258047103882e-02	-9.918134808540344238e-01
1.702620834112167358e-02	-6.751089543104171753e-02	-9.975510239601135254e-01
-1.018590405583381653e-01	1.111380532383918762e-01	-9.885474443435668945e-01
2.711799927055835724e-02	-3.600792214274406433e-02	-9.989583492279052734e-01
-6.758945435285568237e-02	9.654626995325088501e-02	-9.930070042610168457e-01
-1.011423319578170776e-01	7.560758292675018311e-02	-9.919715523719787598e-01
-9.377658367156982422e-02	9.407407790422439575e-02	-9.911163449287414551e-01
-1.125414222478866577e-01	9.566020965576171875e-02	-9.890085458755493164e-01
-1.101562604308128357e-01	1.251282542943954468e-01	-9.859817028045654297e-01
-1.150007247924804688e-01	1.188123375177383423e-01	-9.862110614776611328e-01
-1.297796070575714111e-01	1.177550926804542542e-01	-9.845033288002014160e-01
-1.105974689126014709e-01	8.092341572046279907e-02	-9.905436038970947266e-01
-1.153223067522048950e-01	8.628792315721511841e-02	-9.895519018173217773e-01
-9.467551857233047485e-02	5.543147027492523193e-02	-9.939435720443725586e-01
-1.149298250675201416e-01	7.121418416500091553e-02	-9.907938241958618164e-01
-1.008700504899024963e-01	3.434384986758232117e-02	-9.942905306816101074e-01
-9.842960536479949951e-02	4.357951879501342773e-02	-9.941712021827697754e-01
-1.128798499703407288e-01	5.162014067173004150e-02	-9.922475218772888184e-01
-7.148744910955429077e-02	7.689184509217739105e-03	-9.973970651626586914e-01
-7.830207794904708862e-02	2.271147072315216064e-02	-9.966523051261901855e-01
-9.300845861434936523e-02	1.749032735824584961e-02	-9.954911470413208008e-01
-9.084887057542800903e-02	-1.440831180661916733e-02	-9.957461357116699219e-01
-1.119185835123062134e-01	1.733922958374023438e-02	-9.935531616210937500e-01
-9.537754952907562256e-02	-2.088050357997417450e-02	-9.952082633972167969e-01
-8.855365961790084839e-02	-2.127805911004543304e-02	-9.958299398422241211e-01
-9.082286804914474487e-02	-2.171817980706691742e-02	-9.956199526786804199e-01
-9.094593673944473267e-02	-4.618198797106742859e-02	-9.947715401649475098e-01
-9.153270721435546875e-02	-1.028357725590467453e-02	-9.957339763641357422e-01
-9.675276279449462891e-02	-1.190734561532735825e-02	-9.952222108840942383e-01
-8.731842041015625000e-02	-2.143078856170177460e-02	-9.959296584129333496e-01
