2.167642265558242798e-01	-4.400540292263031006e-01	8.714157938957214355e-01
1.246259808540344238e-01	-7.427591085433959961e-01	-6.578573584556579590e-01
1.866771429777145386e-01	-7.106099724769592285e-01	-6.783663630485534668e-01
4.446228146553039551e-01	-8.934543132781982422e-01	6.356875598430633545e-02
1.882735043764114380e-01	-5.464425086975097656e-01	-8.160499930381774902e-01
1.069297865033149719e-01	-4.413978457450866699e-01	-8.909085988998413086e-01
1.048951894044876099e-01	-4.838225841522216797e-01	-8.688479661941528320e-01
5.370585620403289795e-02	-4.105869233608245850e-01	-9.102307558059692383e-01
1.074678376317024231e-01	-6.125883460044860840e-01	-7.830510735511779785e-01
9.505506604909896851e-02	-5.629940032958984375e-01	-8.209660649299621582e-01
1.361917555332183838e-01	-6.867484450340270996e-01	-7.140112519264221191e-01
1.240855157375335693e-01	-6.629164814949035645e-01	-7.383271455764770508e-01
9.360589087009429932e-02	-5.565833449363708496e-01	-8.254908919334411621e-01
4.997811466455459595e-02	-4.701032638549804688e-01	-8.811861276626586914e-01
4.092633724212646484e-02	-5.233369469642639160e-01	-8.511329293251037598e-01
6.094197928905487061e-02	-5.841077566146850586e-01	-8.093745708465576172e-01
3.669147938489913940e-02	-6.063764095306396484e-01	-7.943195104598999023e-01
9.851790219545364380e-02	-7.200459837913513184e-01	-6.868842244148254395e-01
1.280038654804229736e-01	-6.829793453216552734e-01	-7.191215753555297852e-01
1.333212107419967651e-01	-6.170968413352966309e-01	-7.754990458488464355e-01
9.659580886363983154e-03	-3.988451659679412842e-01	-9.169596433639526367e-01
-2.236900664865970612e-02	-4.662525951862335205e-01	-8.843602538108825684e-01
2.579100802540779114e-02	-6.069012284278869629e-01	-7.943481206893920898e-01
1.953330263495445251e-02	-5.311309099197387695e-01	-8.470537066459655762e-01
2.380860736593604088e-03	-6.082959175109863281e-01	-7.936949133872985840e-01
5.276614800095558167e-02	-6.641724109649658203e-01	-7.457025051116943359e-01
-1.974363252520561218e-02	-5.351796150207519531e-01	-8.444965481758117676e-01
-6.778895854949951172e-02	-5.364348888397216797e-01	-8.412037491798400879e-01
-8.974273502826690674e-02	-5.266823172569274902e-01	-8.453007936477661133e-01
-8.741395920515060425e-02	-6.034893393516540527e-01	-7.925532460212707520e-01
-4.909165203571319580e-02	-7.179914712905883789e-01	-6.943030953407287598e-01
7.298070937395095825e-02	-8.173389434814453125e-01	-5.714973211288452148e-01
-2.904766984283924103e-02	-5.597479939460754395e-01	-8.281409144401550293e-01
-1.216137409210205078e-01	-4.087097942829132080e-01	-9.045155644416809082e-01
-1.343543380498886108e-01	-4.851614534854888916e-01	-8.640303611755371094e-01
-1.323868930339813232e-01	-5.199293494224548340e-01	-8.438767790794372559e-01
-3.743990138173103333e-02	-6.920853853225708008e-01	-7.208301424980163574e-01
-6.647199392318725586e-02	-5.357435345649719238e-01	-8.417477011680603027e-01
-1.235121116042137146e-01	-5.217391848564147949e-01	-8.441051840782165527e-01
-1.419130861759185791e-01	-5.034212470054626465e-01	-8.522969484329223633e-01
-1.231720373034477234e-01	-4.876930117607116699e-01	-8.642717003822326660e-01
-1.603903770446777344e-01	-3.537932932376861572e-01	-9.214589595794677734e-01
-2.047874927520751953e-01	-3.719299137592315674e-01	-9.053792357444763184e-01
-2.532234191894531250e-01	-5.382871031761169434e-01	-8.038061857223510742e-01
-1.730030179023742676e-01	-8.376404643058776855e-01	-5.180796980857849121e-01
1.949884295463562012e-01	-4.468096494674682617e-01	8.731194138526916504e-01
3.423596024513244629e-01	-8.004416227340698242e-01	-4.919903576374053955e-01
-7.258231937885284424e-02	-5.173174142837524414e-01	-8.526951670646667480e-01
-1.931788027286529541e-01	-3.159212470054626465e-01	-9.288986921310424805e-01
-2.349645197391510010e-01	-3.792262077331542969e-01	-8.949617147445678711e-01
-2.051401287317276001e-01	-3.318794667720794678e-01	-9.207335710525512695e-01
-2.263512760400772095e-01	-1.944035142660140991e-01	-9.544374942779541016e-01
-2.830233275890350342e-01	-2.209458202123641968e-01	-9.333056211471557617e-01
-2.979746758937835693e-01	-4.142133891582489014e-01	-8.600085973739624023e-01
-1.934432834386825562e-01	-8.023403882980346680e-01	-5.646243095397949219e-01
-1.408353596925735474e-01	-5.998994708061218262e-01	-7.875638604164123535e-01
-1.647946238517761230e-01	-4.534250199794769287e-01	-8.759115338325500488e-01
-2.016524970531463623e-01	-4.251309037208557129e-01	-8.823680877685546875e-01
-2.182052880525588989e-01	-5.025071501731872559e-01	-8.365682959556579590e-01
-2.136105298995971680e-01	-4.025036096572875977e-01	-8.901324868202209473e-01
-2.175084352493286133e-01	-3.668561875820159912e-01	-9.044789671897888184e-01
-2.414922118186950684e-01	-2.722354531288146973e-01	-9.314210414886474609e-01
-2.569227814674377441e-01	-3.740260899066925049e-01	-8.911066055297851562e-01
-2.335262745618820190e-01	-3.561114072799682617e-01	-9.047795534133911133e-01
-2.403938323259353638e-01	-3.248383700847625732e-01	-9.146950840950012207e-01
-2.521124482154846191e-01	-2.609740197658538818e-01	-9.318310022354125977e-01
-2.781243026256561279e-01	-3.046958148479461670e-01	-9.109249711036682129e-01
-3.005813658237457275e-01	-3.597847223281860352e-01	-8.832795023918151855e-01
-2.828491628170013428e-01	-3.858227133750915527e-01	-8.781306147575378418e-01
-2.708770334720611572e-01	-3.200790584087371826e-01	-9.078281521797180176e-01
-3.443370163440704346e-01	-3.272531330585479736e-01	-8.799511194229125977e-01
-3.223578631877899170e-01	-4.941416084766387939e-01	-8.073943257331848145e-01
-2.799133956432342529e-01	-4.875291287899017334e-01	-8.270055055618286133e-01
-2.730216681957244873e-01	-3.591969907283782959e-01	-8.924186825752258301e-01
-3.287117481231689453e-01	-3.380982875823974609e-01	-8.818240761756896973e-01
-3.961604237556457520e-01	-4.946821928024291992e-01	-7.735124826431274414e-01
-2.609065771102905273e-01	-9.054993391036987305e-01	-3.346220552921295166e-01
-2.624887228012084961e-01	-7.707206606864929199e-01	-5.805693268775939941e-01
-1.935874968767166138e-01	-8.892402648925781250e-01	-4.144243299961090088e-01
-2.060296684503555298e-01	-6.756371259689331055e-01	-7.078394889831542969e-01
-2.711433172225952148e-01	-6.069912910461425781e-01	-7.470046877861022949e-01
-3.198154270648956299e-01	-4.283095896244049072e-01	-8.451287746429443359e-01
-3.341929316520690918e-01	-6.116036772727966309e-01	-7.170989513397216797e-01
-3.186265230178833008e-01	-5.660218596458435059e-01	-7.603095769882202148e-01
-3.568464517593383789e-01	-5.547862052917480469e-01	-7.515635490417480469e-01
-3.928892910480499268e-01	-5.692011713981628418e-01	-7.222353816032409668e-01
-3.403941094875335693e-01	-6.175172328948974609e-01	-7.090697884559631348e-01
-3.708220422267913818e-01	-4.942092001438140869e-01	-7.862719297409057617e-01
-3.949867784976959229e-01	-6.311136484146118164e-01	-6.675751209259033203e-01
-3.705597817897796631e-01	-6.554294228553771973e-01	-6.580823659896850586e-01
-3.394878804683685303e-01	-6.138878464698791504e-01	-7.126458883285522461e-01
-3.520970940589904785e-01	-4.533611536026000977e-01	-8.188199996948242188e-01
-3.850203454494476318e-01	-3.761134445667266846e-01	-8.427774310111999512e-01
-4.289911091327667236e-01	-3.864421546459197998e-01	-8.164590001106262207e-01
-4.585856199264526367e-01	-5.701607465744018555e-01	-6.816096305847167969e-01
-3.984507322311401367e-01	-7.629979252815246582e-01	-5.089656710624694824e-01
-3.915678262710571289e-01	-6.787931323051452637e-01	-6.211982965469360352e-01
-3.334071040153503418e-01	-8.728727698326110840e-01	-3.562394678592681885e-01
-2.892457544803619385e-01	-6.228733658790588379e-01	-7.268674373626708984e-01
-3.835393190383911133e-01	-4.600035548210144043e-01	-8.007920384407043457e-01
-4.141112864017486572e-01	-4.682113528251647949e-01	-7.805539965629577637e-01
-4.376339912414550781e-01	-4.954573810100555420e-01	-7.503154873847961426e-01
-3.974697291851043701e-01	-6.415266394615173340e-01	-6.560754179954528809e-01
-4.042066335678100586e-01	-4.050719439983367920e-01	-8.200658559799194336e-01
-4.704779386520385742e-01	-4.755201935768127441e-01	-7.433071732521057129e-01
-4.208263456821441650e-01	-6.086450815200805664e-01	-6.726281642913818359e-01
-3.366864919662475586e-01	-2.885600924491882324e-01	-8.962971568107604980e-01
-3.928818106651306152e-01	-1.993508636951446533e-01	-8.977076411247253418e-01
-4.340456426143646240e-01	-2.571007013320922852e-01	-8.634114265441894531e-01
-4.354367256164550781e-01	-2.627130746841430664e-01	-8.610181212425231934e-01
-4.397149980068206787e-01	-2.769166529178619385e-01	-8.543670177459716797e-01
-4.915042519569396973e-01	-3.481535315513610840e-01	-7.982403635978698730e-01
-5.391035676002502441e-01	-5.581877827644348145e-01	-6.306882500648498535e-01
-4.126050770282745361e-01	-8.972730040550231934e-01	1.569565832614898682e-01
-3.941010832786560059e-01	-9.116595387458801270e-01	-1.163324266672134399e-01
-4.759938120841979980e-01	-8.275865316390991211e-01	-2.974935173988342285e-01
-2.975663542747497559e-01	-7.719972729682922363e-01	5.616552829742431641e-01
-2.173334956169128418e-01	-6.319184899330139160e-01	-7.439133524894714355e-01
-4.466538131237030029e-01	-4.320073425769805908e-01	-7.834803462028503418e-01
-4.938358068466186523e-01	-4.612884521484375000e-01	-7.370971441268920898e-01
-5.162737965583801270e-01	-4.684058725833892822e-01	-7.169591784477233887e-01
-5.193251371383666992e-01	-6.339296698570251465e-01	-5.730664730072021484e-01
-3.842008411884307861e-01	-2.496137619018554688e-01	-8.888502120971679688e-01
-4.652898311614990234e-01	-3.526623845100402832e-01	-8.118544220924377441e-01
-4.592361748218536377e-01	-2.515856027603149414e-01	-8.519276380538940430e-01
-5.095545053482055664e-01	-3.361548781394958496e-01	-7.920404076576232910e-01
-5.428724884986877441e-01	-3.882185816764831543e-01	-7.446804046630859375e-01
-5.364443659782409668e-01	-4.458245337009429932e-01	-7.165466547012329102e-01
-4.692160785198211670e-01	-2.487377524375915527e-01	-8.473131656646728516e-01
-4.822673797607421875e-01	-2.231145203113555908e-01	-8.471201062202453613e-01
-5.553520917892456055e-01	-3.539532721042633057e-01	-7.525121569633483887e-01
-5.537544488906860352e-01	-4.187703132629394531e-01	-7.196940779685974121e-01
-5.339535474777221680e-01	-3.535646200180053711e-01	-7.680227160453796387e-01
-5.629736185073852539e-01	-3.413104712963104248e-01	-7.526900768280029297e-01
-5.958371162414550781e-01	-3.908303976058959961e-01	-7.015725970268249512e-01
-6.304192543029785156e-01	-6.686048507690429688e-01	-3.943465948104858398e-01
-5.218093395233154297e-01	-3.323255181312561035e-01	-7.856502532958984375e-01
-6.291078329086303711e-01	-6.704419255256652832e-01	-3.933184146881103516e-01
-5.414834022521972656e-01	-3.119190633296966553e-01	-7.806888818740844727e-01
-5.978112220764160156e-01	-3.881424367427825928e-01	-7.013844847679138184e-01
-5.389174818992614746e-01	-2.784471213817596436e-01	-7.949900627136230469e-01
-5.469146966934204102e-01	-2.332888543605804443e-01	-8.040120005607604980e-01
-5.275635719299316406e-01	-1.401934474706649780e-01	-8.378537297248840332e-01
-5.504323244094848633e-01	-1.716179400682449341e-01	-8.170362710952758789e-01
-6.349099874496459961e-01	-4.842640459537506104e-01	-6.019561886787414551e-01
-6.246033906936645508e-01	-7.283191680908203125e-01	-2.817736864089965820e-01
-2.590131759643554688e-01	-6.174867749214172363e-01	7.427055835723876953e-01
-2.701183557510375977e-01	-6.142819523811340332e-01	7.414050698280334473e-01
-3.976235091686248779e-01	-8.927613496780395508e-01	-2.117453813552856445e-01
-5.969712734222412109e-01	-6.238958239555358887e-01	-5.043293833732604980e-01
-6.573522090911865234e-01	-7.423485517501831055e-01	-1.295266598463058472e-01
-6.255217790603637695e-01	-4.991444647312164307e-01	-5.996230244636535645e-01
-6.727566719055175781e-01	-4.597150981426239014e-01	-5.796847939491271973e-01
-7.035058736801147461e-01	-6.388619542121887207e-01	-3.113011717796325684e-01
-6.610949635505676270e-01	-7.425457835197448730e-01	-1.074877157807350159e-01
-5.332890152931213379e-01	-7.935561537742614746e-01	2.929990589618682861e-01
-5.907802581787109375e-01	-8.042895793914794922e-01	6.378977000713348389e-02
-6.734346747398376465e-01	-5.554455518722534180e-01	-4.877867996692657471e-01
-6.739746332168579102e-01	-3.637937009334564209e-01	-6.429505348205566406e-01
-6.834455132484436035e-01	-3.512572944164276123e-01	-6.399159431457519531e-01
-5.821219682693481445e-01	-1.315154582262039185e-01	-8.023800253868103027e-01
-6.683971285820007324e-01	-2.577740252017974854e-01	-6.976904869079589844e-01
-7.000069618225097656e-01	-2.989621460437774658e-01	-6.485252380371093750e-01
-6.800521612167358398e-01	-2.445938587188720703e-01	-6.911416649818420410e-01
-7.208865284919738770e-01	-2.990105450153350830e-01	-6.252110004425048828e-01
-7.401395440101623535e-01	-3.674908280372619629e-01	-5.631313920021057129e-01
-7.958620786666870117e-01	-5.602133870124816895e-01	-2.296425849199295044e-01
-7.473831772804260254e-01	-4.674008488655090332e-01	-4.721509516239166260e-01
-7.684404850006103516e-01	-5.657325983047485352e-01	-2.990289330482482910e-01
-7.047369480133056641e-01	-6.937386989593505859e-01	1.484763473272323608e-01
-7.638147473335266113e-01	-5.738175511360168457e-01	-2.954474687576293945e-01
-7.179460525512695312e-01	-3.529970943927764893e-01	-5.999320745468139648e-01
-7.566514015197753906e-01	-3.972064852714538574e-01	-5.193049907684326172e-01
-7.741982340812683105e-01	-3.852424323558807373e-01	-5.021740794181823730e-01
-7.897605895996093750e-01	-6.006219983100891113e-01	-1.245131120085716248e-01
-7.934249043464660645e-01	-5.175148248672485352e-01	-3.203541636466979980e-01
-8.060880899429321289e-01	-5.769053697586059570e-01	-1.318121105432510376e-01
-7.923446893692016602e-01	-6.078973412513732910e-01	-5.120573192834854126e-02
-7.877485156059265137e-01	-6.142132878303527832e-01	-4.654024913907051086e-02
-8.000533580780029297e-01	-5.359115004539489746e-01	-2.696022093296051025e-01
-8.099980950355529785e-01	-5.112751126289367676e-01	-2.871822416782379150e-01
-8.097428083419799805e-01	-5.518037080764770508e-01	-1.995036453008651733e-01
-8.109493851661682129e-01	-5.581815838813781738e-01	-1.754034906625747681e-01
-8.120315670967102051e-01	-5.648647546768188477e-01	-1.466456055641174316e-01
-7.401899695396423340e-01	-6.152547597885131836e-01	2.712100148200988770e-01
-8.141970038414001465e-01	-5.800755620002746582e-01	-2.382915467023849487e-02
-8.369170427322387695e-01	-5.174026489257812500e-01	-1.784288138151168823e-01
-8.356963992118835449e-01	-5.465763807296752930e-01	-5.327669158577919006e-02
-8.335892558097839355e-01	-4.717023968696594238e-01	-2.874036729335784912e-01
-6.068781614303588867e-01	-5.447565913200378418e-01	5.787225365638732910e-01
-8.354359865188598633e-01	-4.471315741539001465e-01	-3.195149302482604980e-01
-8.524599075317382812e-01	-4.501174688339233398e-01	-2.658586204051971436e-01
-7.730633616447448730e-01	-5.684587955474853516e-01	2.814314961433410645e-01
-8.519186973571777344e-01	-5.232867598533630371e-01	-1.946745254099369049e-02
-8.281016349792480469e-01	-5.396246314048767090e-01	1.517480611801147461e-01
-8.516795039176940918e-01	-5.180379748344421387e-01	7.906487584114074707e-02
-8.790940046310424805e-01	-4.101628065109252930e-01	-2.427630275487899780e-01
-7.603783607482910156e-01	-5.068502426147460938e-01	4.060844480991363525e-01
-8.856684565544128418e-01	-4.285933971405029297e-01	-1.785261332988739014e-01
-8.633096814155578613e-01	-4.916706979274749756e-01	1.137101352214813232e-01
-8.353952765464782715e-01	-5.175735354423522949e-01	1.849487870931625366e-01
-8.071811795234680176e-01	-5.209302902221679688e-01	2.776045203208923340e-01
-9.126464128494262695e-01	-3.774957358837127686e-01	-1.566671729087829590e-01
-8.889170885086059570e-01	-3.326716125011444092e-01	-3.148485124111175537e-01
-8.574435710906982422e-01	-4.596860408782958984e-01	2.311998307704925537e-01
-8.352050781250000000e-01	-1.851269304752349854e-01	-5.178171396255493164e-01
-9.131341576576232910e-01	-3.156660497188568115e-01	-2.579016685485839844e-01
-9.076987504959106445e-01	-2.802916169166564941e-01	-3.122363090515136719e-01
-8.789079189300537109e-01	-2.478888928890228271e-01	-4.074863791465759277e-01
-9.289968013763427734e-01	-3.334241807460784912e-01	-1.605160087347030640e-01
-9.390232563018798828e-01	-3.431643545627593994e-01	-2.105413191020488739e-02
-8.569422364234924316e-01	-1.809821277856826782e-01	-4.825633764266967773e-01
-9.270934462547302246e-01	-2.901717126369476318e-01	-2.372119575738906860e-01
-9.356794953346252441e-01	-3.117672801017761230e-01	-1.651569306850433350e-01
-9.493167996406555176e-01	-3.142684102058410645e-01	2.056281780824065208e-03
-9.263691902160644531e-01	-2.876815497875213623e-01	-2.430042177438735962e-01
-9.203498363494873047e-01	-3.714791834354400635e-01	-1.221981495618820190e-01
-8.922466635704040527e-01	-3.748640418052673340e-01	-2.516907751560211182e-01
-5.048515200614929199e-01	-4.716039896011352539e-01	7.229812145233154297e-01
-6.245946288108825684e-01	-5.072215199470520020e-01	5.937909483909606934e-01
-7.759056091308593750e-01	-4.689663648605346680e-01	4.219189584255218506e-01
-9.298503398895263672e-01	-2.723113596439361572e-01	-2.473787665367126465e-01
-9.106897115707397461e-01	-2.401265650987625122e-01	-3.360913395881652832e-01
-9.458692073822021484e-01	-2.883245646953582764e-01	-1.489092558622360229e-01
-9.028693437576293945e-01	-3.981727361679077148e-01	1.620500981807708740e-01
-9.350872039794921875e-01	-3.439723551273345947e-01	8.525194227695465088e-02
-9.324094057083129883e-01	-2.161646634340286255e-01	-2.895842790603637695e-01
-8.966130018234252930e-01	-3.410809040069580078e-01	2.823566496372222900e-01
-9.342241287231445312e-01	-3.331359326839447021e-01	1.273600161075592041e-01
-9.383745193481445312e-01	-3.031394481658935547e-01	1.659352928400039673e-01
-9.267092943191528320e-01	-2.694890201091766357e-01	2.618416249752044678e-01
-9.632328748703002930e-01	-2.546966373920440674e-01	8.536308258771896362e-02
-9.442157745361328125e-01	-2.772852480411529541e-01	1.776089817285537720e-01
-9.347215294837951660e-01	-2.741039395332336426e-01	2.261375784873962402e-01
-9.432061910629272461e-01	-2.669333219528198242e-01	1.976946592330932617e-01
-9.463920593261718750e-01	-2.611868679523468018e-01	1.899952292442321777e-01
-8.969572782516479492e-01	-2.819593846797943115e-01	3.405034840106964111e-01
-9.616873264312744141e-01	-1.686531454324722290e-01	-2.160703837871551514e-01
-9.563464522361755371e-01	-2.819248139858245850e-01	-7.677567750215530396e-02
-3.692629635334014893e-01	-3.514407873153686523e-01	8.603056669235229492e-01
-9.825792312622070312e-01	-1.754283905029296875e-01	6.110813096165657043e-02
-9.697093367576599121e-01	-2.353310883045196533e-01	6.524933874607086182e-02
-6.992292404174804688e-01	-3.398680686950683594e-01	6.289280056953430176e-01
-3.991400897502899170e-01	-3.201252818107604980e-01	8.591841459274291992e-01
-8.129820227622985840e-01	-1.755806654691696167e-01	5.551654100418090820e-01
-7.851679325103759766e-01	-2.003936171531677246e-01	5.859462022781372070e-01
-9.423944354057312012e-01	-1.355212330818176270e-01	3.057799339294433594e-01
-9.917657971382141113e-01	-8.345614373683929443e-02	9.699928760528564453e-02
-9.683173894882202148e-01	-7.258230447769165039e-02	2.388881295919418335e-01
-9.882988333702087402e-01	-6.392246484756469727e-02	1.383937150239944458e-01
-9.161455631256103516e-01	-1.012016236782073975e-01	3.878302872180938721e-01
-9.880298972129821777e-01	-5.055017396807670593e-02	1.456502676010131836e-01
-9.805462360382080078e-01	-6.335055083036422729e-02	1.857136487960815430e-01
-9.506637454032897949e-01	-7.337018847465515137e-02	3.013804256916046143e-01
-9.871243834495544434e-01	-5.923588946461677551e-02	1.484910547733306885e-01
-9.821482896804809570e-01	-4.727815464138984680e-02	1.819971799850463867e-01
-9.972584247589111328e-01	-7.355272024869918823e-02	-6.190483458340167999e-03
-7.150654792785644531e-01	-1.816027462482452393e-01	6.750445365905761719e-01
-8.456212878227233887e-01	-1.068997457623481750e-01	5.229489207267761230e-01
-8.770978450775146484e-01	-1.054796651005744934e-01	4.685629308223724365e-01
-7.454747557640075684e-01	-1.366977542638778687e-01	6.523523330688476562e-01
-8.492522239685058594e-01	-1.207797676324844360e-01	5.139670372009277344e-01
-7.138598561286926270e-01	-1.148213222622871399e-01	6.907995939254760742e-01
-8.703715801239013672e-01	-8.530741930007934570e-02	4.849263131618499756e-01
-7.905468344688415527e-01	-7.594364136457443237e-02	6.076593399047851562e-01
-8.319510817527770996e-01	-4.509751126170158386e-02	5.529950857162475586e-01
-8.859379887580871582e-01	-7.133302837610244751e-02	4.582606554031372070e-01
-8.400915265083312988e-01	-6.562338769435882568e-02	5.384422540664672852e-01
-8.171453475952148438e-01	-3.274693340063095093e-02	5.754831433296203613e-01
-9.819427132606506348e-01	6.377333402633666992e-02	1.780288070440292358e-01
-9.913275241851806641e-01	1.011669486761093140e-01	8.370708674192428589e-02
-9.918302893638610840e-01	1.217622384428977966e-01	3.766016662120819092e-02
-9.890862107276916504e-01	8.225458115339279175e-02	1.221254393458366394e-01
-8.883205056190490723e-01	6.264988332986831665e-02	4.549057185649871826e-01
-9.484844207763671875e-01	5.116091668605804443e-02	3.126245737075805664e-01
-8.702985644340515137e-01	5.780312791466712952e-02	4.890983104705810547e-01
-9.539999365806579590e-01	7.527668029069900513e-02	2.901573777198791504e-01
-9.015527963638305664e-01	2.823849022388458252e-02	4.317197501659393311e-01
-8.570107817649841309e-01	4.132226109504699707e-02	5.136179924011230469e-01
-8.768075704574584961e-01	6.404531002044677734e-02	4.765329658985137939e-01
-9.444175958633422852e-01	1.110686883330345154e-01	3.093747794628143311e-01
-9.291278719902038574e-01	1.139578670263290405e-01	3.517236709594726562e-01
-9.471016526222229004e-01	7.007148116827011108e-02	3.131481409072875977e-01
-8.118383288383483887e-01	3.879594430327415466e-02	5.825751423835754395e-01
-8.289682865142822266e-01	1.645655184984207153e-02	5.590351223945617676e-01
-8.692258596420288086e-01	-3.212270513176918030e-02	4.933491051197052002e-01
-5.736394524574279785e-01	-9.755530208349227905e-02	8.132697939872741699e-01
-9.099186658859252930e-01	1.047511398792266846e-01	4.013106226921081543e-01
-9.145741462707519531e-01	1.501291394233703613e-01	3.754873573780059814e-01
-9.637320637702941895e-01	1.664877831935882568e-01	2.085049301385879517e-01
-9.463927745819091797e-01	1.578553766012191772e-01	2.817733883857727051e-01
-9.370872974395751953e-01	8.157037198543548584e-02	3.393937349319458008e-01
-8.448663949966430664e-01	2.035636827349662781e-02	5.345705747604370117e-01
-6.800306439399719238e-01	-2.283672057092189789e-02	7.328173518180847168e-01
-7.666589617729187012e-01	3.446329757571220398e-02	6.411140561103820801e-01
-9.135624170303344727e-01	2.020360231399536133e-01	3.529303669929504395e-01
-9.593268632888793945e-01	1.494071930646896362e-01	2.394596785306930542e-01
-8.409869074821472168e-01	1.114929169416427612e-01	5.294240713119506836e-01
-9.292522668838500977e-01	1.605650484561920166e-01	3.326904773712158203e-01
-8.560317158699035645e-01	1.366589367389678955e-01	4.985106289386749268e-01
-8.972178697586059570e-01	1.563039720058441162e-01	4.129707813262939453e-01
-9.042688608169555664e-01	1.564407050609588623e-01	3.972414433956146240e-01
-9.122565984725952148e-01	1.422144919633865356e-01	3.841080367565155029e-01
-8.721185922622680664e-01	1.228579729795455933e-01	4.735955297946929932e-01
-8.826624751091003418e-01	9.387034922838211060e-02	4.605137109756469727e-01
-6.454622745513916016e-01	-8.353741141036152840e-04	7.637825608253479004e-01
-8.345421552658081055e-01	1.337098330259323120e-01	5.344524979591369629e-01
-9.019524455070495605e-01	1.227017939090728760e-01	4.140074551105499268e-01
-7.366440296173095703e-01	5.062248557806015015e-02	6.743709444999694824e-01
-9.577472209930419922e-01	2.686487734317779541e-01	1.025531962513923645e-01
-8.646435141563415527e-01	2.060478031635284424e-01	4.581645131111145020e-01
-9.317877888679504395e-01	2.269454151391983032e-01	2.832682132720947266e-01
-8.516902327537536621e-01	1.572439074516296387e-01	4.998767971992492676e-01
-7.673912048339843750e-01	1.095676422119140625e-01	6.317333579063415527e-01
-8.125550150871276855e-01	1.017269641160964966e-01	5.739213824272155762e-01
-6.773842573165893555e-01	6.211830675601959229e-02	7.329914569854736328e-01
-6.431936621665954590e-01	7.278489321470260620e-02	7.622252106666564941e-01
-8.811796903610229492e-01	2.921375036239624023e-01	3.716894984245300293e-01
-9.012603163719177246e-01	3.295532166957855225e-01	2.812438011169433594e-01
-8.992574214935302734e-01	3.260757923126220703e-01	2.915202379226684570e-01
-9.071749448776245117e-01	3.266595602035522461e-01	2.651409804821014404e-01
-8.847783207893371582e-01	2.745617032051086426e-01	3.765063583850860596e-01
-7.511659860610961914e-01	1.786486804485321045e-01	6.354650855064392090e-01
-7.758007049560546875e-01	1.926176398992538452e-01	6.008428335189819336e-01
-7.926228046417236328e-01	1.758033335208892822e-01	5.837997794151306152e-01
-8.516318202018737793e-01	9.557648003101348877e-02	5.153301358222961426e-01
-2.306549400091171265e-01	-1.598849743604660034e-01	9.598059654235839844e-01
-3.788006007671356201e-01	-3.098307549953460693e-02	9.249525070190429688e-01
-8.477879166603088379e-01	3.008432984352111816e-01	4.367190599441528320e-01
-7.465406060218811035e-01	2.351428866386413574e-01	6.223873496055603027e-01
-8.346365094184875488e-01	2.995417714118957520e-01	4.622031450271606445e-01
-7.976137995719909668e-01	2.486056536436080933e-01	5.495325922966003418e-01
-8.049383163452148438e-01	2.532890737056732178e-01	5.365604758262634277e-01
-7.549579143524169922e-01	2.155615985393524170e-01	6.193160414695739746e-01
-7.183056473731994629e-01	2.447325140237808228e-01	6.512482166290283203e-01
-7.798831462860107422e-01	2.921382486820220947e-01	5.535469651222229004e-01
-7.133780717849731445e-01	2.549470663070678711e-01	6.527442932128906250e-01
-7.811537384986877441e-01	2.852033674716949463e-01	5.553691983222961426e-01
-7.355433702468872070e-01	2.423471808433532715e-01	6.326324939727783203e-01
-7.007424235343933105e-01	2.097759544849395752e-01	6.818617582321166992e-01
-5.973983407020568848e-01	1.631023734807968140e-01	7.851741909980773926e-01
-6.099456548690795898e-01	1.809245496988296509e-01	7.715032696723937988e-01
-6.002764701843261719e-01	1.839963048696517944e-01	7.783305644989013672e-01
-6.776976585388183594e-01	2.514743208885192871e-01	6.909911036491394043e-01
-6.984456777572631836e-01	2.819446325302124023e-01	6.577709317207336426e-01
-7.909916639328002930e-01	3.340942859649658203e-01	5.125322341918945312e-01
-6.949023008346557617e-01	2.581513524055480957e-01	6.711563467979431152e-01
-7.379359006881713867e-01	2.883291840553283691e-01	6.101611852645874023e-01
-7.196410298347473145e-01	2.827951610088348389e-01	6.341329216957092285e-01
-6.718915104866027832e-01	2.772246003150939941e-01	6.867975592613220215e-01
-7.693625092506408691e-01	4.056617617607116699e-01	4.934544861316680908e-01
-8.256542086601257324e-01	4.425545632839202881e-01	3.498776853084564209e-01
-7.905904054641723633e-01	3.749849200248718262e-01	4.840774238109588623e-01
-7.602699995040893555e-01	3.585359752178192139e-01	5.416832566261291504e-01
-8.111142516136169434e-01	4.266631305217742920e-01	4.000360071659088135e-01
-8.446006178855895996e-01	4.734497964382171631e-01	2.499374449253082275e-01
-8.086531758308410645e-01	3.763346076011657715e-01	4.521383345127105713e-01
-6.586475968360900879e-01	2.879140079021453857e-01	6.951773166656494141e-01
-7.693302631378173828e-01	4.190723299980163574e-01	4.821689128875732422e-01
-7.344141602516174316e-01	3.651648163795471191e-01	5.720756053924560547e-01
-5.848201513290405273e-01	2.645335197448730469e-01	7.668060660362243652e-01
-7.163018584251403809e-01	4.266322553157806396e-01	5.521557331085205078e-01
-7.573090195655822754e-01	5.235628485679626465e-01	3.903102576732635498e-01
-7.921057939529418945e-01	5.990927219390869141e-01	1.167466789484024048e-01
-7.636064291000366211e-01	5.336040854454040527e-01	3.635229170322418213e-01
-7.806486487388610840e-01	5.551287531852722168e-01	2.870454192161560059e-01
-7.239752411842346191e-01	4.700130522251129150e-01	5.049026608467102051e-01
-6.822887659072875977e-01	4.812151193618774414e-01	5.503578186035156250e-01
-7.562015056610107422e-01	6.144929528236389160e-01	2.247944921255111694e-01
-7.658733725547790527e-01	6.219794154167175293e-01	1.629526019096374512e-01
-6.769738793373107910e-01	5.053905248641967773e-01	5.350391864776611328e-01
-7.277256250381469727e-01	6.373690962791442871e-01	2.532828152179718018e-01
-7.263797521591186523e-01	6.166629195213317871e-01	3.034400939941406250e-01
-7.114520072937011719e-01	6.070945262908935547e-01	3.539064824581146240e-01
-7.350097894668579102e-01	6.659533381462097168e-01	1.274430900812149048e-01
-6.958538293838500977e-01	6.034563779830932617e-01	3.893654644489288330e-01
-6.941651701927185059e-01	7.197117209434509277e-01	-1.115306373685598373e-02
-7.276005148887634277e-01	6.726844906806945801e-01	1.344191133975982666e-01
-6.300330162048339844e-01	5.285667181015014648e-01	5.689072608947753906e-01
-7.001345157623291016e-01	6.353146433830261230e-01	3.258274495601654053e-01
-6.881943941116333008e-01	5.566040277481079102e-01	4.653585255146026611e-01
-4.140719175338745117e-01	3.102879524230957031e-01	8.557165265083312988e-01
-5.912539362907409668e-01	5.892593860626220703e-01	5.506113767623901367e-01
-6.427846550941467285e-01	6.529788374900817871e-01	4.005307257175445557e-01
-5.878536701202392578e-01	5.964779853820800781e-01	5.464631319046020508e-01
-6.357008218765258789e-01	6.856771707534790039e-01	3.545544147491455078e-01
-6.680693626403808594e-01	7.344165444374084473e-01	1.195469871163368225e-01
-6.329278349876403809e-01	6.907719969749450684e-01	3.495913147926330566e-01
-6.498668789863586426e-01	7.550168633460998535e-01	8.717166632413864136e-02
-6.366373300552368164e-01	7.710983753204345703e-01	8.729145862162113190e-03
-6.576387286186218262e-01	7.520622611045837402e-01	-4.346070066094398499e-02
-6.165790557861328125e-01	6.162565350532531738e-01	4.899351000785827637e-01
-6.028456091880798340e-01	6.454762220382690430e-01	4.689522683620452881e-01
-5.584032535552978516e-01	6.165481805801391602e-01	5.550071001052856445e-01
-5.859528779983520508e-01	6.644323468208312988e-01	4.638611674308776855e-01
-5.498845577239990234e-01	6.757586598396301270e-01	4.908726215362548828e-01
-6.098784208297729492e-01	7.340407371520996094e-01	2.986793518066406250e-01
-5.306597948074340820e-01	5.871148109436035156e-01	6.112909913063049316e-01
-5.792448520660400391e-01	6.495590806007385254e-01	4.924703538417816162e-01
-5.158783793449401855e-01	5.793012380599975586e-01	6.310775279998779297e-01
-4.569294750690460205e-01	5.479991436004638672e-01	7.006371021270751953e-01
-5.314518809318542480e-01	6.955335736274719238e-01	4.834972321987152100e-01
-5.714820623397827148e-01	7.684137821197509766e-01	2.879659831523895264e-01
-5.786376595497131348e-01	7.737504243850708008e-01	2.578057646751403809e-01
-5.523312091827392578e-01	7.379871606826782227e-01	3.876620233058929443e-01
-5.802994966506958008e-01	7.572768330574035645e-01	2.996006906032562256e-01
-5.859977602958679199e-01	7.439163923263549805e-01	3.212024867534637451e-01
-6.177561879158020020e-01	7.695053219795227051e-01	1.619059145450592041e-01
-2.713507115840911865e-01	4.216742515563964844e-01	8.651826381683349609e-01
-5.754967331886291504e-01	8.130298852920532227e-01	8.809074759483337402e-02
-4.655689597129821777e-01	6.330715417861938477e-01	6.184206008911132812e-01
-3.842695951461791992e-01	5.383397340774536133e-01	7.500046491622924805e-01
-4.548311531543731689e-01	6.683226227760314941e-01	5.886011123657226562e-01
-4.398546218872070312e-01	6.881213188171386719e-01	5.770568251609802246e-01
-4.871983826160430908e-01	8.149421811103820801e-01	-3.138197660446166992e-01
-5.383712649345397949e-01	8.402013182640075684e-01	6.475766003131866455e-02
-5.467725992202758789e-01	8.372541069984436035e-01	4.546507727354764938e-03
-4.857322573661804199e-01	6.894046068191528320e-01	5.373675227165222168e-01
-5.962603092193603516e-01	7.481372356414794922e-01	2.911005318164825439e-01
-3.755535483360290527e-01	3.508755564689636230e-01	8.578045368194580078e-01
2.083486914634704590e-01	-1.836241930723190308e-01	9.606607556343078613e-01
3.361646831035614014e-02	3.094340562820434570e-01	9.503183960914611816e-01
-4.301153123378753662e-01	8.412194252014160156e-01	3.276090323925018311e-01
-4.653294384479522705e-01	8.708302974700927734e-01	1.584255248308181763e-01
-4.744130969047546387e-01	8.789824843406677246e-01	-4.793050885200500488e-02
-4.626723229885101318e-01	8.400110602378845215e-01	-2.833584547042846680e-01
-4.784536361694335938e-01	8.719087243080139160e-01	1.040798574686050415e-01
-4.358637034893035889e-01	7.817547917366027832e-01	4.459365606307983398e-01
-3.857776522636413574e-01	7.266599535942077637e-01	5.684356093406677246e-01
-3.484925031661987305e-01	7.334367632865905762e-01	5.836113095283508301e-01
-4.446811378002166748e-01	8.815209269523620605e-01	1.586020141839981079e-01
-4.480723738670349121e-01	8.815705776214599609e-01	1.484580487012863159e-01
-4.821069538593292236e-01	8.760448098182678223e-01	9.700049646198749542e-03
-3.497887551784515381e-01	7.402790188789367676e-01	5.741192102432250977e-01
-4.112597405910491943e-01	8.141570091247558594e-01	4.098659753799438477e-01
-4.810919761657714844e-01	8.625308275222778320e-01	1.567337810993194580e-01
-3.370285928249359131e-01	7.027152180671691895e-01	6.265618205070495605e-01
-3.568829596042633057e-01	7.904325127601623535e-01	4.978217184543609619e-01
-4.439015090465545654e-01	8.574154973030090332e-01	2.603181302547454834e-01
-3.315547108650207520e-01	8.038812279701232910e-01	4.937818944454193115e-01
-3.766457140445709229e-01	8.905645012855529785e-01	2.549638152122497559e-01
-4.260760247707366943e-01	8.821364045143127441e-01	2.006704360246658325e-01
-4.216554462909698486e-01	8.835542798042297363e-01	2.037467807531356812e-01
-4.042247831821441650e-01	8.889122605323791504e-01	2.154336422681808472e-01
-3.895505964756011963e-01	9.123863577842712402e-01	1.256001293659210205e-01
-3.158915936946868896e-01	8.398504853248596191e-01	4.414058625698089600e-01
-3.806551098823547363e-01	9.153484702110290527e-01	1.312011927366256714e-01
-3.915119469165802002e-01	9.201568365097045898e-01	2.113221213221549988e-03
-3.161728084087371826e-01	8.757396936416625977e-01	3.648147881031036377e-01
-3.556878268718719482e-01	9.161158204078674316e-01	1.849118173122406006e-01
-3.135910332202911377e-01	9.135960936546325684e-01	2.587996125221252441e-01
-3.559401333332061768e-01	9.244807362556457520e-01	1.364405006170272827e-01
-3.149007856845855713e-01	8.556506633758544922e-01	4.107007086277008057e-01
-1.314352154731750488e-01	6.154367327690124512e-01	7.771379351615905762e-01
-1.944914460182189941e-01	7.318544983863830566e-01	6.531008481979370117e-01
-2.219060212373733521e-01	7.610337734222412109e-01	6.095592975616455078e-01
-2.162421196699142456e-01	7.318547964096069336e-01	6.462237238883972168e-01
-1.238637045025825500e-02	4.748747944831848145e-01	8.799564242362976074e-01
-2.048595249652862549e-01	8.359204530715942383e-01	5.091611742973327637e-01
-2.906524240970611572e-01	9.344226717948913574e-01	2.057873159646987915e-01
-1.082835644483566284e-01	6.537909507751464844e-01	7.488736510276794434e-01
-1.448517888784408569e-01	7.847476601600646973e-01	6.026326417922973633e-01
-1.293289661407470703e-01	7.485255002975463867e-01	6.503549814224243164e-01
-2.081853002309799194e-01	8.969177603721618652e-01	3.900929689407348633e-01
-2.818970382213592529e-01	9.513629078865051270e-01	1.241613924503326416e-01
-2.520214915275573730e-01	9.333298802375793457e-01	2.556432187557220459e-01
-2.609443366527557373e-01	9.475314617156982422e-01	1.845679432153701782e-01
-2.934605181217193604e-01	9.542750120162963867e-01	-5.668322741985321045e-02
-2.698214650154113770e-01	9.316298365592956543e-01	2.433838546276092529e-01
-2.601332366466522217e-01	9.571606516838073730e-01	1.270735114812850952e-01
-2.487581372261047363e-01	9.448481798171997070e-01	2.129660397768020630e-01
-2.371741831302642822e-01	9.534630179405212402e-01	1.860892623662948608e-01
-2.842755913734436035e-01	9.586274623870849609e-01	1.392272301018238068e-02
-2.422986477613449097e-01	9.634029269218444824e-01	1.145374998450279236e-01
-2.858850955963134766e-01	9.540292024612426758e-01	-8.984114229679107666e-02
-2.483893334865570068e-01	9.489957690238952637e-01	1.941217035055160522e-01
-5.376458168029785156e-03	6.821281909942626953e-01	7.311983108520507812e-01
2.854021731764078140e-03	7.453293204307556152e-01	6.666749119758605957e-01
-6.458173040300607681e-03	8.587670922279357910e-01	5.123031139373779297e-01
-1.023339182138442993e-01	9.556851983070373535e-01	2.759876251220703125e-01
-1.136697754263877869e-01	9.352142214775085449e-01	3.353052735328674316e-01
-7.172760367393493652e-02	8.834952116012573242e-01	4.628905951976776123e-01
-1.735697388648986816e-01	9.829853773117065430e-01	5.990492552518844604e-02
-1.463416516780853271e-01	9.595408439636230469e-01	2.405011653900146484e-01
-7.779800333082675934e-03	8.716920614242553711e-01	4.899679124355316162e-01
-1.110041216015815735e-01	9.615109562873840332e-01	2.512969374656677246e-01
-1.388029158115386963e-01	9.888586401939392090e-01	5.354681611061096191e-02
-1.395761966705322266e-01	9.876065254211425781e-01	7.159538567066192627e-02
-1.251450479030609131e-01	9.880355596542358398e-01	8.999855071306228638e-02
-1.659686565399169922e-01	9.827504754066467285e-01	-8.143373578786849976e-02
-9.255246818065643311e-02	9.601668119430541992e-01	2.636072635650634766e-01
-8.918458223342895508e-02	9.594676494598388672e-01	2.672870755195617676e-01
-3.197862580418586731e-02	8.128460049629211426e-01	5.815786719322204590e-01
1.921824365854263306e-01	5.236857533454895020e-01	8.299393653869628906e-01
4.650465026497840881e-02	9.468789696693420410e-01	3.181696534156799316e-01
4.237342253327369690e-02	8.982507586479187012e-01	4.374077916145324707e-01
-3.981122747063636780e-02	9.856790900230407715e-01	1.637859791517257690e-01
4.559225589036941528e-02	8.629962205886840820e-01	5.031256079673767090e-01
1.367968469858169556e-01	7.414731383323669434e-01	6.568738818168640137e-01
-3.703482821583747864e-02	9.981977343559265137e-01	4.695847257971763611e-02
-1.010413561016321182e-02	9.929575324058532715e-01	1.179318502545356750e-01
-9.341922402381896973e-02	9.950486421585083008e-01	-3.355527296662330627e-02
1.973115652799606323e-01	6.435679197311401367e-01	7.395053505897521973e-01
2.231946587562561035e-01	6.253919005393981934e-01	7.476962804794311523e-01
6.713543832302093506e-02	9.925208091735839844e-01	1.018350645899772644e-01
9.217286854982376099e-02	9.590795636177062988e-01	2.676695883274078369e-01
1.008018329739570618e-01	9.056744575500488281e-01	4.117890596389770508e-01
9.511366370134055614e-04	9.936326742172241211e-01	1.125571504235267639e-01
-4.687898035626858473e-04	9.952220320701599121e-01	-9.750828146934509277e-02
-3.615500777959823608e-02	9.700491428375244141e-01	-2.401515543460845947e-01
-4.131151735782623291e-02	9.436849951744079590e-01	-3.282197415828704834e-01
2.852749265730381012e-02	9.962244033813476562e-01	-8.184023946523666382e-02
4.650353267788887024e-02	9.981328248977661133e-01	-3.927968069911003113e-02
3.810425475239753723e-02	9.854434132575988770e-01	-1.656034141778945923e-01
2.878547087311744690e-02	9.888503551483154297e-01	-1.460191607475280762e-01
5.230537429451942444e-02	9.972664713859558105e-01	-5.194569379091262817e-02
1.764628663659095764e-02	9.825421571731567383e-01	-1.851312220096588135e-01
1.315464377403259277e-01	9.898340106010437012e-01	5.382974445819854736e-02
6.193472072482109070e-03	9.631503820419311523e-01	-2.688453495502471924e-01
2.343780547380447388e-02	9.683030247688293457e-01	-2.486245632171630859e-01
1.147744730114936829e-01	9.926496744155883789e-01	3.802596032619476318e-02
4.885553568601608276e-02	9.774211645126342773e-01	-2.055114507675170898e-01
1.171457245945930481e-01	9.825339317321777344e-01	1.444914340972900391e-01
1.459231078624725342e-01	9.884324073791503906e-01	-4.100992530584335327e-02
2.615782916545867920e-01	9.216974377632141113e-01	2.864014804363250732e-01
2.489229589700698853e-01	8.855731487274169922e-01	3.921403586864471436e-01
2.317922413349151611e-01	9.662318229675292969e-01	1.124398186802864075e-01
2.001990228891372681e-01	9.749817848205566406e-01	9.646516293287277222e-02
1.967670619487762451e-01	9.682417511940002441e-01	1.541619002819061279e-01
1.734315007925033569e-01	9.835203886032104492e-01	-5.082910880446434021e-02
1.857127845287322998e-01	9.808914065361022949e-01	5.776709690690040588e-02
1.872521936893463135e-01	9.805091023445129395e-01	5.926153808832168579e-02
1.857944577932357788e-01	9.820961356163024902e-01	-3.067436255514621735e-02
1.188453435897827148e-01	9.838754534721374512e-01	-1.335599124431610107e-01
9.694898128509521484e-02	9.633560180664062500e-01	-2.500396668910980225e-01
1.312732100486755371e-01	9.792889356613159180e-01	-1.540571600198745728e-01
7.463409751653671265e-02	9.110756516456604004e-01	-4.053954184055328369e-01
1.988437324762344360e-01	9.757477045059204102e-01	-9.138679504394531250e-02
2.360583543777465820e-01	9.716869592666625977e-01	-8.649230003356933594e-03
1.713881790637969971e-01	9.484073519706726074e-01	-2.666899263858795166e-01
1.999978572130203247e-01	9.686228632926940918e-01	-1.474595367908477783e-01
2.963724732398986816e-01	9.509623050689697266e-01	8.836610615253448486e-02
2.983621358871459961e-01	9.460620284080505371e-01	1.261775493621826172e-01
2.405776679515838623e-01	9.555751681327819824e-01	-1.702110767364501953e-01
3.805861771106719971e-01	6.452471613883972168e-01	6.624124646186828613e-01
3.366816341876983643e-01	-6.860211491584777832e-02	9.391122460365295410e-01
4.483203291893005371e-01	8.717484474182128906e-01	-1.975707858800888062e-01
2.435228526592254639e-01	9.416884779930114746e-01	-2.321477830410003662e-01
1.510837972164154053e-01	9.189502000808715820e-01	-3.642504811286926270e-01
2.449947297573089600e-01	9.612262845039367676e-01	-1.264697164297103882e-01
3.790686130523681641e-01	8.778761029243469238e-01	2.925992906093597412e-01
4.471382200717926025e-01	3.804935514926910400e-01	8.094900846481323242e-01
5.090566873550415039e-01	8.062247633934020996e-01	3.013909757137298584e-01
1.675960570573806763e-01	8.685050606727600098e-01	-4.664586782455444336e-01
3.502816855907440186e-01	9.275699853897094727e-01	1.299566775560379028e-01
2.069657444953918457e-01	9.005725383758544922e-01	-3.822396695613861084e-01
3.932558000087738037e-01	7.582009583711624146e-02	9.162907004356384277e-01
5.333806872367858887e-01	7.762077450752258301e-01	3.361270129680633545e-01
2.567984163761138916e-01	8.986183404922485352e-01	-3.556849658489227295e-01
2.166466414928436279e-01	9.251210093498229980e-01	-3.117498755455017090e-01
1.087912246584892273e-01	8.328406810760498047e-01	-5.426924228668212891e-01
2.577994167804718018e-01	9.326218962669372559e-01	-2.524451315402984619e-01
1.064808443188667297e-01	8.374528884887695312e-01	-5.360121726989746094e-01
3.042505979537963867e-01	9.461727738380432129e-01	-1.102769300341606140e-01
1.140210330486297607e-01	8.415340781211853027e-01	-5.280094742774963379e-01
4.344714060425758362e-02	7.838727235794067383e-01	-6.193804740905761719e-01
1.176008954644203186e-01	8.715323209762573242e-01	-4.760000109672546387e-01
5.017836019396781921e-02	7.899446487426757812e-01	-6.111019849777221680e-01
5.120680481195449829e-02	8.030286431312561035e-01	-5.937164425849914551e-01
7.796934992074966431e-02	8.338916897773742676e-01	-5.463705658912658691e-01
5.932453274726867676e-02	8.087941408157348633e-01	-5.850713253021240234e-01
4.439226537942886353e-02	7.725209593772888184e-01	-6.334169507026672363e-01
9.230038523674011230e-02	7.963321805000305176e-01	-5.977548956871032715e-01
1.046549677848815918e-01	7.945332527160644531e-01	-5.981130599975585938e-01
7.565977424383163452e-02	7.587268948554992676e-01	-6.469810009002685547e-01
5.001891851425170898e-01	8.172180652618408203e-01	2.862473726272583008e-01
5.444766879081726074e-01	8.016682267189025879e-01	2.466671466827392578e-01
3.033093512058258057e-01	8.484543561935424805e-01	-4.337055981159210205e-01
1.071400865912437439e-01	7.819801568984985352e-01	-6.140058040618896484e-01
1.461310982704162598e-01	7.978704571723937988e-01	-5.848273038864135742e-01
4.043006002902984619e-01	8.974107503890991211e-01	-1.765425354242324829e-01
1.901424974203109741e-01	8.110610842704772949e-01	-5.531713366508483887e-01
2.501939535140991211e-01	8.417647480964660645e-01	-4.783393144607543945e-01
1.571213603019714355e-01	7.829243540763854980e-01	-6.019275784492492676e-01
2.744737267494201660e-01	8.533523082733154297e-01	-4.432014226913452148e-01
1.180334910750389099e-01	7.577868700027465820e-01	-6.417177319526672363e-01
2.064408063888549805e-01	8.310208916664123535e-01	-5.164886116981506348e-01
2.240790724754333496e-01	8.050571680068969727e-01	-5.492219924926757812e-01
1.461550742387771606e-01	7.711125016212463379e-01	-6.196761131286621094e-01
2.801059186458587646e-01	8.365562558174133301e-01	-4.708363413810729980e-01
3.846463263034820557e-01	8.638502359390258789e-01	-3.252415657043457031e-01
4.552773237228393555e-01	8.664928674697875977e-01	-2.046580016613006592e-01
2.425232082605361938e-01	7.868576645851135254e-01	-5.674592256546020508e-01
2.498915195465087891e-01	7.997657060623168945e-01	-5.458040237426757812e-01
3.579613566398620605e-01	8.464601635932922363e-01	-3.941336572170257568e-01
2.223559021949768066e-01	7.846006751060485840e-01	-5.787339806556701660e-01
3.621593117713928223e-01	8.337542414665222168e-01	-4.167335033416748047e-01
3.522971272468566895e-01	-8.570782840251922607e-02	9.319511651992797852e-01
4.922084808349609375e-01	2.583037363365292549e-03	8.704671263694763184e-01
7.173438668251037598e-01	3.805564641952514648e-01	5.835879445075988770e-01
6.127638816833496094e-01	7.753168344497680664e-01	-1.528923511505126953e-01
2.744558453559875488e-01	7.682334780693054199e-01	-5.783295631408691406e-01
2.973608374595642090e-01	7.886943221092224121e-01	-5.380632281303405762e-01
1.292573362588882446e-01	7.234917283058166504e-01	-6.781063675880432129e-01
1.446115672588348389e-01	7.184960246086120605e-01	-6.803137063980102539e-01
1.856853663921356201e-01	7.348919510841369629e-01	-6.522499322891235352e-01
1.733375936746597290e-01	7.177553176879882812e-01	-6.743564605712890625e-01
3.069936633110046387e-01	7.990912199020385742e-01	-5.168967843055725098e-01
2.167899459600448608e-01	7.347234487533569336e-01	-6.427738070487976074e-01
2.873039245605468750e-01	7.811244726181030273e-01	-5.543239116668701172e-01
3.684965372085571289e-01	7.855283021926879883e-01	-4.971207976341247559e-01
5.419847369194030762e-01	8.024294972419738770e-01	-2.496645003557205200e-01
4.482646286487579346e-01	7.825937867164611816e-01	-4.319468140602111816e-01
4.129394292831420898e-01	7.850297689437866211e-01	-4.617170989513397217e-01
4.121088087558746338e-01	7.797282338142395020e-01	-4.713424146175384521e-01
2.709542214870452881e-01	7.401439547538757324e-01	-6.154223680496215820e-01
3.164522349834442139e-01	7.504882216453552246e-01	-5.801720023155212402e-01
3.504907488822937012e-01	7.589405775070190430e-01	-5.487617850303649902e-01
3.095770180225372314e-01	7.573133111000061035e-01	-5.749893188476562500e-01
3.857172429561614990e-01	7.525303363800048828e-01	-5.337550640106201172e-01
3.198023438453674316e-01	7.357504963874816895e-01	-5.969694256782531738e-01
2.493751198053359985e-01	7.146183848381042480e-01	-6.535347700119018555e-01
2.479293793439865112e-01	7.116353511810302734e-01	-6.573287844657897949e-01
1.941789686679840088e-01	6.909466981887817383e-01	-6.963208913803100586e-01
2.426132559776306152e-01	6.999995112419128418e-01	-6.716510653495788574e-01
4.855997860431671143e-01	7.658233046531677246e-01	-4.215219318866729736e-01
4.199269413948059082e-01	7.434021830558776855e-01	-5.205654501914978027e-01
3.728438615798950195e-01	7.245525121688842773e-01	-5.796420574188232422e-01
1.412539184093475342e-01	6.326109170913696289e-01	-7.614632248878479004e-01
3.170534670352935791e-01	6.955353021621704102e-01	-6.447344422340393066e-01
4.760570824146270752e-01	7.130351066589355469e-01	-5.147077441215515137e-01
3.103798329830169678e-01	6.818618178367614746e-01	-6.623458266258239746e-01
3.777899444103240967e-01	6.996081471443176270e-01	-6.064628958702087402e-01
4.415780305862426758e-01	7.170181870460510254e-01	-5.393211841583251953e-01
5.195984244346618652e-01	7.173625826835632324e-01	-4.640928804874420166e-01
2.644234001636505127e-01	6.626939177513122559e-01	-7.006357312202453613e-01
6.867299079895019531e-01	6.772840619087219238e-01	-2.639358341693878174e-01
8.154646754264831543e-01	5.775906443595886230e-01	3.715829551219940186e-02
7.735010385513305664e-01	6.224344372749328613e-01	-1.193575337529182434e-01
6.340986490249633789e-01	6.776768565177917480e-01	-3.723525404930114746e-01
4.176369309425354004e-01	6.810626387596130371e-01	-6.014199256896972656e-01
4.775246381759643555e-01	6.893221139907836914e-01	-5.447741150856018066e-01
3.578922748565673828e-01	6.654695868492126465e-01	-6.550088524818420410e-01
4.701047539710998535e-01	6.779198050498962402e-01	-5.651541352272033691e-01
5.626140236854553223e-01	6.886849999427795410e-01	-4.573308229446411133e-01
5.064111351966857910e-01	6.630692481994628906e-01	-5.512346029281616211e-01
4.896778464317321777e-01	6.665680408477783203e-01	-5.620285272598266602e-01
5.309687256813049316e-01	6.705296635627746582e-01	-5.181075930595397949e-01
5.017428994178771973e-01	6.553434133529663086e-01	-5.645813345909118652e-01
5.718491673469543457e-01	6.519225835800170898e-01	-4.979549050331115723e-01
5.559154152870178223e-01	6.576312780380249023e-01	-5.083824396133422852e-01
4.590284824371337891e-01	6.537813544273376465e-01	-6.015276312828063965e-01
4.386192262172698975e-01	6.370730400085449219e-01	-6.338163018226623535e-01
7.946599721908569336e-01	5.777532458305358887e-01	-1.862576603889465332e-01
6.554585099220275879e-01	6.191051602363586426e-01	-4.324993491172790527e-01
6.453625559806823730e-01	6.315276622772216797e-01	-4.297131299972534180e-01
6.537078022956848145e-01	6.208341121673583984e-01	-4.326705038547515869e-01
8.135926127433776855e-01	5.565665364265441895e-01	-1.681554019451141357e-01
7.523828744888305664e-01	5.891563296318054199e-01	-2.945981323719024658e-01
6.272597312927246094e-01	6.099539995193481445e-01	-4.842241406440734863e-01
8.677573204040527344e-01	4.942532777786254883e-01	-5.184713378548622131e-02
8.342588543891906738e-01	5.256284475326538086e-01	-1.664368361234664917e-01
6.684016585350036621e-01	5.974065661430358887e-01	-4.430750906467437744e-01
8.799704909324645996e-01	4.724427461624145508e-01	-4.926677048206329346e-02
8.977015614509582520e-01	4.400597214698791504e-01	-2.136901579797267914e-02
8.939940333366394043e-01	4.453663229942321777e-01	-4.900320991873741150e-02
8.992034196853637695e-01	4.360806643962860107e-01	-3.527663648128509521e-02
8.348689079284667969e-01	5.135867595672607422e-01	-1.979844719171524048e-01
7.739061713218688965e-01	5.412382483482360840e-01	-3.287910819053649902e-01
7.496697902679443359e-01	5.476812124252319336e-01	-3.715023696422576904e-01
8.390378355979919434e-01	4.969092309474945068e-01	-2.215228974819183350e-01
8.444663286209106445e-01	4.897197484970092773e-01	-2.168550491333007812e-01
8.985407948493957520e-01	4.285457134246826172e-01	-9.460323303937911987e-02
7.949790954589843750e-01	5.149790644645690918e-01	-3.205916285514831543e-01
8.825726509094238281e-01	4.440401196479797363e-01	-1.544984877109527588e-01
8.433603644371032715e-01	4.686515629291534424e-01	-2.628384530544281006e-01
8.207423686981201172e-01	4.860284626483917236e-01	-3.002223670482635498e-01
7.642686963081359863e-01	5.090671777725219727e-01	-3.958756625652313232e-01
7.880480289459228516e-01	5.004406571388244629e-01	-3.584882020950317383e-01
7.892053723335266113e-01	4.964872002601623535e-01	-3.614274561405181885e-01
6.467706561088562012e-01	5.324072837829589844e-01	-5.460795760154724121e-01
7.140092849731445312e-01	5.134034156799316406e-01	-4.760062098503112793e-01
7.871803641319274902e-01	4.845186173915863037e-01	-3.815282583236694336e-01
8.541653156280517578e-01	4.360920190811157227e-01	-2.831974625587463379e-01
6.407074332237243652e-01	-1.872368901968002319e-01	7.445985078811645508e-01
9.331668615341186523e-01	5.672100558876991272e-02	3.549169600009918213e-01
8.987745046615600586e-01	3.892912566661834717e-01	-2.015756815671920776e-01
8.942668437957763672e-01	-4.888898506760597229e-02	4.448380768299102783e-01
9.241549372673034668e-01	-1.227381452918052673e-02	3.817999362945556641e-01
9.289596676826477051e-01	3.091492950916290283e-01	-2.035629302263259888e-01
9.738549590110778809e-01	1.985366344451904297e-01	-1.103019788861274719e-01
7.453205585479736328e-01	4.100823402404785156e-01	-5.256469249725341797e-01
8.404167294502258301e-01	3.327283859252929688e-01	-4.277459084987640381e-01
8.653796315193176270e-01	3.410153388977050781e-01	-3.671552836894989014e-01
7.976636886596679688e-01	3.845663070678710938e-01	-4.645612835884094238e-01
7.746303677558898926e-01	3.984756767749786377e-01	-4.910609722137451172e-01
8.236958980560302734e-01	3.705696463584899902e-01	-4.291616082191467285e-01
7.416041493415832520e-01	4.066390395164489746e-01	-5.335198044776916504e-01
7.233328819274902344e-01	4.102388620376586914e-01	-5.554003119468688965e-01
7.603844404220581055e-01	3.865605890750885010e-01	-5.218835473060607910e-01
7.220921516418457031e-01	4.023557305335998535e-01	-5.627332925796508789e-01
7.633540630340576172e-01	3.930850028991699219e-01	-5.125923156738281250e-01
8.792655467987060547e-01	3.194440603256225586e-01	-3.533053398132324219e-01
8.662993907928466797e-01	3.361580967903137207e-01	-3.694584071636199951e-01
7.557590603828430176e-01	3.889783024787902832e-01	-5.267817974090576172e-01
8.113605380058288574e-01	3.619454801082611084e-01	-4.589831531047821045e-01
8.008902668952941895e-01	3.491352498531341553e-01	-4.864724874496459961e-01
7.204906344413757324e-01	3.940065801143646240e-01	-5.706377625465393066e-01
7.104921340942382812e-01	3.870063722133636475e-01	-5.877097249031066895e-01
6.143612265586853027e-01	4.206532537937164307e-01	-6.675227284431457520e-01
7.074198722839355469e-01	3.930070996284484863e-01	-5.874339938163757324e-01
7.591391801834106445e-01	3.646737337112426758e-01	-5.391631722450256348e-01
7.241508960723876953e-01	3.610068559646606445e-01	-5.875844955444335938e-01
6.216714382171630859e-01	4.024360477924346924e-01	-6.719713807106018066e-01
7.845959663391113281e-01	3.477231264114379883e-01	-5.132970809936523438e-01
8.419967889785766602e-01	3.260543346405029297e-01	-4.297751486301422119e-01
9.958097338676452637e-01	8.536145091056823730e-02	3.250176459550857544e-02
8.383385539054870605e-01	3.220907151699066162e-01	-4.397980570793151855e-01
8.229191303253173828e-01	3.462316095829010010e-01	-4.504488110542297363e-01
7.650511264801025391e-01	3.605134189128875732e-01	-5.335755944252014160e-01
8.271124958992004395e-01	3.029286563396453857e-01	-4.733879864215850830e-01
8.098525404930114746e-01	3.206032812595367432e-01	-4.912526011466979980e-01
7.686433792114257812e-01	3.348880112171173096e-01	-5.449898838996887207e-01
6.107251048088073730e-01	-3.109967410564422607e-01	7.282086014747619629e-01
9.820754528045654297e-01	-2.853561751544475555e-02	1.862699389457702637e-01
9.295337200164794922e-01	2.389214038848876953e-01	-2.808231413364410400e-01
9.708083271980285645e-01	1.566079705953598022e-01	-1.816136986017227173e-01
8.883978128433227539e-01	2.567554712295532227e-01	-3.805300295352935791e-01
6.839545369148254395e-01	3.609651923179626465e-01	-6.339453458786010742e-01
9.227874875068664551e-01	2.053377330303192139e-01	-3.260014951229095459e-01
7.647573947906494141e-01	-2.604364156723022461e-01	5.893281102180480957e-01
9.670748114585876465e-01	1.785196661949157715e-01	-1.813177764415740967e-01
9.890580773353576660e-01	1.101800799369812012e-01	-9.800368547439575195e-02
9.717698693275451660e-01	1.384408175945281982e-01	-1.909876912832260132e-01
8.554131388664245605e-01	2.484465092420578003e-01	-4.544441699981689453e-01
7.872689366340637207e-01	2.778493165969848633e-01	-5.504396557807922363e-01
7.023234367370605469e-01	3.082802891731262207e-01	-6.416240334510803223e-01
5.335004329681396484e-01	3.656885027885437012e-01	-7.626441717147827148e-01
7.383325695991516113e-01	2.938533127307891846e-01	-6.070349216461181641e-01
7.505193948745727539e-01	2.896215617656707764e-01	-5.939834117889404297e-01
5.600457787513732910e-01	3.591275811195373535e-01	-7.465600371360778809e-01
7.808974981307983398e-01	2.663951516151428223e-01	-5.649856328964233398e-01
7.015144228935241699e-01	2.888339757919311523e-01	-6.514818668365478516e-01
9.386534094810485840e-01	1.235813796520233154e-01	-3.219223022460937500e-01
6.666631698608398438e-01	2.896098494529724121e-01	-6.867769360542297363e-01
6.239069104194641113e-01	3.111985623836517334e-01	-7.168486714363098145e-01
4.443369507789611816e-01	3.564733266830444336e-01	-8.218690752983093262e-01
3.172356188297271729e-01	3.768628835678100586e-01	-8.702377080917358398e-01
6.494674086570739746e-01	2.911135256290435791e-01	-7.024393081665039062e-01
5.639702081680297852e-01	3.298965394496917725e-01	-7.570220828056335449e-01
5.873563885688781738e-01	2.811565995216369629e-01	-7.589069008827209473e-01
6.412883400917053223e-01	2.729830145835876465e-01	-7.170811891555786133e-01
3.809223771095275879e-01	-3.439761102199554443e-01	8.582396507263183594e-01
9.984659552574157715e-01	-3.771448135375976562e-02	-4.028523713350296021e-02
7.876751422882080078e-01	2.220401465892791748e-01	-5.746671557426452637e-01
4.223136901855468750e-01	3.370144963264465332e-01	-8.414569497108459473e-01
6.141247153282165527e-01	2.835292518138885498e-01	-7.365039587020874023e-01
6.006655693054199219e-01	2.891723811626434326e-01	-7.453567981719970703e-01
8.172762393951416016e-01	1.235044598579406738e-01	-5.628333091735839844e-01
8.886459469795227051e-01	-3.419386148452758789e-01	3.055642843246459961e-01
9.564777016639709473e-01	-2.214490175247192383e-01	1.899775266647338867e-01
8.628008961677551270e-01	1.856370419263839722e-01	-4.702024757862091064e-01
6.935407519340515137e-01	2.412651330232620239e-01	-6.787995100021362305e-01
7.907585501670837402e-01	1.313285678625106812e-01	-5.978534221649169922e-01
6.399996876716613770e-01	2.320582419633865356e-01	-7.324793934822082520e-01
5.254187583923339844e-01	2.933035790920257568e-01	-7.986772656440734863e-01
6.697441339492797852e-01	2.160988003015518188e-01	-7.104367017745971680e-01
6.808894872665405273e-01	1.896779984235763550e-01	-7.073811292648315430e-01
5.369567871093750000e-01	2.608686089515686035e-01	-8.022483587265014648e-01
5.680904388427734375e-01	2.326557934284210205e-01	-7.893802523612976074e-01
6.241868138313293457e-01	2.171829938888549805e-01	-7.504657506942749023e-01
5.336469411849975586e-01	2.612194716930389404e-01	-8.043394684791564941e-01
6.686542034149169922e-01	2.034414857625961304e-01	-7.151845097541809082e-01
5.008878707885742188e-01	2.811604440212249756e-01	-8.185579776763916016e-01
5.845313072204589844e-01	2.281055301427841187e-01	-7.786318063735961914e-01
5.976946949958801270e-01	2.242301553487777710e-01	-7.697134613990783691e-01
7.238548398017883301e-01	1.638963371515274048e-01	-6.701853871345520020e-01
5.147888660430908203e-01	2.595653235912322998e-01	-8.170652985572814941e-01
4.132525324821472168e-01	2.621446847915649414e-01	-8.720552325248718262e-01
5.108271241188049316e-01	2.590505778789520264e-01	-8.197107315063476562e-01
8.147388100624084473e-01	2.879767119884490967e-02	-5.790908932685852051e-01
6.374803185462951660e-01	1.791007071733474731e-01	-7.493456006050109863e-01
6.038287878036499023e-01	1.851499229669570923e-01	-7.752981781959533691e-01
8.194152116775512695e-01	4.413450136780738831e-02	-5.714779496192932129e-01
7.313371896743774414e-01	1.324708163738250732e-01	-6.690100431442260742e-01
5.595840215682983398e-01	1.625201255083084106e-01	-8.126685619354248047e-01
6.186301708221435547e-01	1.132907196879386902e-01	-7.774562239646911621e-01
6.931815147399902344e-01	8.445844054222106934e-02	-7.157807946205139160e-01
2.547912299633026123e-01	-2.934630215167999268e-01	9.213899374008178711e-01
9.013085365295410156e-01	8.853409439325332642e-02	-4.240040779113769531e-01
5.728471875190734863e-01	1.686254292726516724e-01	-8.021141290664672852e-01
5.333470702171325684e-01	1.590986996889114380e-01	-8.307855129241943359e-01
5.825516581535339355e-01	1.416392922401428223e-01	-8.003420829772949219e-01
6.108925342559814453e-01	1.150659397244453430e-01	-7.832915782928466797e-01
7.030679583549499512e-01	4.651703312993049622e-02	-7.095818519592285156e-01
6.555629372596740723e-01	7.782067358493804932e-02	-7.511035203933715820e-01
6.314370036125183105e-01	1.031219512224197388e-01	-7.685238718986511230e-01
5.873621702194213867e-01	1.073182523250579834e-01	-8.021621108055114746e-01
5.934552550315856934e-01	8.084877580404281616e-02	-8.007810115814208984e-01
6.282049417495727539e-01	5.785692110657691956e-02	-7.758780121803283691e-01
7.689431905746459961e-01	-4.595292732119560242e-02	-6.376437544822692871e-01
6.388379931449890137e-01	4.425198212265968323e-02	-7.680516242980957031e-01
5.512431859970092773e-01	1.112321838736534119e-01	-8.268824815750122070e-01
4.808032512664794922e-01	1.092559397220611572e-01	-8.699815273284912109e-01
4.665347635746002197e-01	1.371430158615112305e-01	-8.737930059432983398e-01
4.480463564395904541e-01	1.379663348197937012e-01	-8.832874298095703125e-01
6.983231902122497559e-01	-8.626209944486618042e-02	-7.105475068092346191e-01
4.090787470340728760e-01	-3.864926397800445557e-01	8.266038894653320312e-01
8.075258731842041016e-01	4.885312169790267944e-02	-5.877834558486938477e-01
5.417436957359313965e-01	1.160062327980995178e-01	-8.324854373931884766e-01
4.150990247726440430e-01	1.407542824745178223e-01	-8.988094925880432129e-01
4.497864246368408203e-01	9.260155260562896729e-02	-8.883095383644104004e-01
4.214377105236053467e-01	1.056753396987915039e-01	-9.006666541099548340e-01
4.720141589641571045e-01	4.562297463417053223e-02	-8.803962469100952148e-01
4.492115676403045654e-01	6.378814578056335449e-02	-8.911320567131042480e-01
5.083429217338562012e-01	4.740834981203079224e-02	-8.598347306251525879e-01
3.760539293289184570e-01	9.977181255817413330e-02	-9.211983680725097656e-01
4.458950459957122803e-01	6.186307221651077271e-02	-8.929318785667419434e-01
4.693855345249176025e-01	5.074058100581169128e-02	-8.815208077430725098e-01
5.311157107353210449e-01	-2.269488759338855743e-02	-8.469806313514709473e-01
4.666816294193267822e-01	6.786933541297912598e-02	-8.818038702011108398e-01
3.543901443481445312e-01	1.050280183553695679e-01	-9.291686415672302246e-01
2.497767359018325806e-01	1.405637860298156738e-01	-9.580354094505310059e-01
4.055702686309814453e-01	2.070677652955055237e-02	-9.138161540031433105e-01
3.593374490737915039e-01	9.253728389739990234e-02	-9.285961985588073730e-01
2.843511700630187988e-01	1.216479092836380005e-01	-9.509597420692443848e-01
3.404800891876220703e-01	5.829521641135215759e-02	-9.384307265281677246e-01
4.896768927574157715e-01	-2.359231747686862946e-02	-8.715707063674926758e-01
3.149203658103942871e-01	9.541538357734680176e-02	-9.442980885505676270e-01
4.390990734100341797e-01	-2.652018889784812927e-02	-8.980334997177124023e-01
5.184308290481567383e-01	-8.349713683128356934e-02	-8.510181903839111328e-01
4.621551930904388428e-01	-4.039248824119567871e-02	-8.858644962310791016e-01
3.298930227756500244e-01	-6.684018671512603760e-02	-9.416352510452270508e-01
2.783612310886383057e-01	-3.412786722183227539e-01	8.977986574172973633e-01
8.835912942886352539e-01	-4.641785323619842529e-01	-6.150921434164047241e-02
8.348220586776733398e-01	-5.443723797798156738e-01	8.191455155611038208e-02
7.031449675559997559e-01	-9.505904465913772583e-02	-7.046446204185485840e-01
4.131288826465606689e-01	-1.723914290778338909e-03	-9.106577634811401367e-01
5.637142658233642578e-01	-1.610950380563735962e-01	-8.100914359092712402e-01
4.196819067001342773e-01	-5.901486426591873169e-02	-9.057369828224182129e-01
3.163914680480957031e-01	-1.247156187891960144e-01	-9.403808116912841797e-01
4.871029555797576904e-01	-5.165125131607055664e-01	7.042295336723327637e-01
8.773810267448425293e-01	-4.630277454853057861e-01	-1.256444454193115234e-01
6.052175760269165039e-01	-1.077628582715988159e-01	-7.887172102928161621e-01
4.402881860733032227e-01	-6.434140354394912720e-02	-8.955355882644653320e-01
3.276243507862091064e-01	3.065454075112938881e-03	-9.447919130325317383e-01
4.025501608848571777e-01	-2.288090065121650696e-02	-9.150994420051574707e-01
2.698234617710113525e-01	3.506049513816833496e-02	-9.622604846954345703e-01
2.506150007247924805e-01	1.291846483945846558e-02	-9.679895043373107910e-01
2.918877601623535156e-01	-2.620348520576953888e-02	-9.560819864273071289e-01
3.227289915084838867e-01	-7.798451185226440430e-02	-9.432609081268310547e-01
4.900384843349456787e-01	-1.450243592262268066e-01	-8.595381379127502441e-01
2.655803859233856201e-01	3.228316083550453186e-02	-9.635375142097473145e-01
3.124977648258209229e-01	-1.575140282511711121e-02	-9.497760534286499023e-01
3.187776803970336914e-01	-3.929909691214561462e-02	-9.470027685165405273e-01
2.790277004241943359e-01	-3.507422655820846558e-02	-9.596308469772338867e-01
3.551651835441589355e-01	-1.007892191410064697e-01	-9.293422698974609375e-01
2.493815422058105469e-01	-3.100630827248096466e-02	-9.678979516029357910e-01
3.932343423366546631e-01	-1.248789355158805847e-01	-9.109056591987609863e-01
2.932956516742706299e-01	-2.850208617746829987e-02	-9.555860757827758789e-01
3.033133447170257568e-01	-5.309573560953140259e-02	-9.513992667198181152e-01
1.800491660833358765e-01	-3.633337095379829407e-02	-9.829765558242797852e-01
4.543170034885406494e-01	-2.888192236423492432e-01	-8.427078723907470703e-01
4.013400971889495850e-01	-1.948951184749603271e-01	-8.949406743049621582e-01
4.735573530197143555e-01	-2.771084606647491455e-01	-8.360209465026855469e-01
4.435746073722839355e-01	-2.832447588443756104e-01	-8.502885699272155762e-01
5.796504616737365723e-01	-3.470878899097442627e-01	-7.372325062751770020e-01
3.472025394439697266e-01	-8.649558573961257935e-02	-9.337816238403320312e-01
2.944111526012420654e-01	-9.146694839000701904e-02	-9.512808322906494141e-01
2.688140571117401123e-01	-8.571136742830276489e-02	-9.593607187271118164e-01
2.900455594062805176e-01	-1.242254972457885742e-01	-9.489054083824157715e-01
2.683228850364685059e-01	-1.083871573209762573e-01	-9.572018980979919434e-01
3.696180284023284912e-01	-1.901424676179885864e-01	-9.095097184181213379e-01
3.233754336833953857e-01	-1.284013837575912476e-01	-9.375084042549133301e-01
2.708912789821624756e-01	-9.337317943572998047e-02	-9.580608010292053223e-01
2.005900144577026367e-01	-6.639698147773742676e-02	-9.774137735366821289e-01
2.840307950973510742e-01	-1.600315570831298828e-01	-9.453551173210144043e-01
3.126409351825714111e-01	-1.725635528564453125e-01	-9.340539574623107910e-01
3.812620341777801514e-01	-2.203752994537353516e-01	-8.978045582771301270e-01
3.758298158645629883e-01	-1.928863525390625000e-01	-9.063809514045715332e-01
1.871021538972854614e-01	-1.113491207361221313e-01	-9.760001301765441895e-01
2.937003374099731445e-01	-2.723795473575592041e-01	-9.162580966949462891e-01
4.255287051200866699e-01	-3.540518879890441895e-01	-8.327966332435607910e-01
3.281949758529663086e-01	-1.962022781372070312e-01	-9.239972829818725586e-01
3.385626971721649170e-01	-2.859733998775482178e-01	-8.964222073554992676e-01
4.175184667110443115e-01	-3.480872809886932373e-01	-8.393402695655822754e-01
2.756823897361755371e-01	-1.858122199773788452e-01	-9.431080222129821777e-01
3.417166173458099365e-01	-2.959507405757904053e-01	-8.919766545295715332e-01
3.141596615314483643e-01	-2.317051291465759277e-01	-9.206502437591552734e-01
2.253714352846145630e-01	-1.503452956676483154e-01	-9.625934958457946777e-01
2.278982996940612793e-01	-1.592594683170318604e-01	-9.605625867843627930e-01
1.741164028644561768e-01	-1.416942179203033447e-01	-9.744688868522644043e-01
2.347725480794906616e-01	-2.128883600234985352e-01	-9.484419226646423340e-01
1.730893105268478394e-01	-2.072403728961944580e-01	-9.628469347953796387e-01
4.133359491825103760e-01	-4.628775119781494141e-01	-7.841418385505676270e-01
2.313908487558364868e-01	-1.714852899312973022e-01	-9.576182961463928223e-01
1.469889730215072632e-01	-1.441761404275894165e-01	-9.785656929016113281e-01
1.195352226495742798e-01	-1.345564723014831543e-01	-9.836610555648803711e-01
1.385423839092254639e-01	-2.370016574859619141e-01	-9.615707993507385254e-01
2.744772732257843018e-01	-4.888897538185119629e-01	-8.280273675918579102e-01
3.711682558059692383e-01	-5.779436230659484863e-01	-7.267699241638183594e-01
4.013881087303161621e-01	-5.456013679504394531e-01	-7.356534600257873535e-01
3.190062642097473145e-01	-4.512471258640289307e-01	-8.334202170372009277e-01
3.195018172264099121e-01	-3.906939029693603516e-01	-8.632823824882507324e-01
1.633580029010772705e-01	-1.679544746875762939e-01	-9.721563458442687988e-01
1.258794069290161133e-01	-1.788919121026992798e-01	-9.757741093635559082e-01
1.430114656686782837e-01	-2.321441918611526489e-01	-9.621013402938842773e-01
1.733367890119552612e-01	-2.562105059623718262e-01	-9.509426355361938477e-01
9.134778380393981934e-02	-1.218641176819801331e-01	-9.883267283439636230e-01
1.154971718788146973e-01	-1.991391330957412720e-01	-9.731326103210449219e-01
9.429229050874710083e-02	-1.591736823320388794e-01	-9.827287793159484863e-01
1.058206781744956970e-01	-2.653717994689941406e-01	-9.583120346069335938e-01
1.959953010082244873e-01	-3.873641788959503174e-01	-9.008415937423706055e-01
1.494251042604446411e-01	-2.596539258956909180e-01	-9.540612697601318359e-01
1.554425209760665894e-01	-3.304854929447174072e-01	-9.309128522872924805e-01
2.148584872484207153e-01	-4.105257689952850342e-01	-8.861635327339172363e-01
1.058479994535446167e-01	-2.575638592243194580e-01	-9.604380130767822266e-01
1.094721481204032898e-01	-3.827919363975524902e-01	-9.173160195350646973e-01
2.427730113267898560e-01	-5.890789031982421875e-01	-7.707325816154479980e-01
1.627497076988220215e-01	-3.474814593791961670e-01	-9.234459400177001953e-01
1.164037957787513733e-01	-3.278498947620391846e-01	-9.375230669975280762e-01
1.275885105133056641e-01	-3.873293995857238770e-01	-9.130614995956420898e-01
1.322337090969085693e-01	-3.704071044921875000e-01	-9.193996787071228027e-01
6.408817321062088013e-02	-2.511155903339385986e-01	-9.658260345458984375e-01
9.306702017784118652e-02	-3.855990469455718994e-01	-9.179523587226867676e-01
1.273513287305831909e-01	-4.023286402225494385e-01	-9.065855741500854492e-01
1.331327110528945923e-01	-4.188297092914581299e-01	-8.982436656951904297e-01
2.492455244064331055e-01	-4.252173602581024170e-01	-8.700858354568481445e-01
